79208321567
79095384391
79161367241
79883335800
79289579767
79998583955
79333240112
79923432665
79874765173
79529780970
79625225775
79515139735
79131556053
79990032793
79523833135
79153047023
79050634075
79636038850
79378238362
79821029188
79098389719
79872551952
79089591926
79161015116
79514045454
79085591142
79211389303
79124075552
79992559017
79035732771
79231543445
79148040111
79122033131
79036274581
79214596682
79022036155
79117202224
79266491959
79381542711
79633832553
79409242923
79513102695
79054495069
79138959065
79622765301
79515548743
79537181372
79118252008
79139681582
79096105870
79115221235
79108775232
79031352002
79175504284
79111131296
77775481717
79157089260
79261034088
79999885442
79532839597
79035877020
79174366543
79266110620
79999897102
79139206635
79212708113
79117537490
79037540538
79628143777
79643107409
79037240867
79091870791
79202293121
79040359193
79273277765
79111561205
79222556526
79684530806
79208083036
79037543727
79136735274
79510097092
79625812585
79375058100
79872064729
79080338074
79787977308
79634997741
79192597144
79852231343
79101507037
79969659617
79251404428
79122299393
79139203835
79118102177
79614584999
79507635252
79506357615
79021725019
79184891557
79296642486
79180910488
79378785086
79028429977
79636895585
79055335555
79771972198
79211296696
79388663785
79184078110
79952115902
79189007947
79136073483
79206121914
79158197412
79501015903
79269182061
79614474443
79170137474
79518792577
79044204576
79032569229
79377031368
79534365044
79096556627
79253695365
79064562959
79873145780
79194334860
79191255574
79858079890
79501293038
79241746354
79930336733
79109443622
79173743830
79213370445
79656121547
79185585538
79110280999
79689793818
79776644985
79110191786
79130631999
79515557549
79157693234
79219450850
79857688567
79999860917
79175879472
79621795117
79629117393
79226117108
79298490840
79506351012
79096950706
79963051647
79096408487
79851167106
79236365553
79034768820
79188757456
79136210333
79167515762
79625855233
79638679040
79060790419
79273237891
79086366677
79528091652
79167962579
79055024906
79272660658
79517204377
79146928519
79067114541
79216115266
79653069020
79043637868
79516813994
79059696894
79119977441
79055205048
79179389324
79196564293
79000487218
79256537858
79180925369
79102036284
79150418879
79641038322
79086079429
79213242117
79163456071
79104292546
79899515046
79539421642
79602404222
79184191178
79883897206
79156979616
79269857740
79114514938
79858673960
79102694790
79212349324
79806221382
79995131595
79156061972
79112433659
79207198265
79517832630
79081328657
79059830119
79139569245
79081121734
79122660028
79111021409
79960718659
79234040809
79635026118
79998655791
79039290084
79622936156
79164349504
79217792144
79530530082
79500227209
79530886578
79243039447
79047139196
79044472088
79155564002
79272572218
79137535371
79835635746
79139120313
79173904502
79537554221
79177487002
79506202878
79922280668
79050847991
79897601535
79048280820
79269522606
79155985534
79184334869
79885281072
79833923726
79185428252
79267349276
79273310181
79272260300
79200903296
79117994663
79145541495
79623615717
79276487058
79087095053
79500436129
79963357296
79126622520
79898943392
79096872162
79628147016
79143260919
79106037966
79086466707
79168269548
79080413493
79603219811
79994604216
79152505483
79151180703
79213932236
79533887935
79375169296
79092650971
79140704442
79219921808
79053752226
79835189870
79065280202
79054498050
79147574393
79214530899
79670034394
79128771910
79896376727
79000758009
79855691604
79205077070
79889664999
79067087747
79773220407
79852784920
79064580906
79117027324
79604549085
79088471658
79160314066
79110060933
79182773570
79118954581
79081457471
79969295096
79622645631
79057195447
79111138792
79053502226
79137040339
79053609696
79630521489
79644465476
79265942372
79807109690
79218904142
79036476838
79651211411
79163913910
79033401037
79236125821
79144424021
79139129273
79267372890
79626509770
79522507736
79285826790
79503173724
79684884372
79179907324
79172568705
79122771811
79119212125
79236251525
79140220554
79043340153
79254649097
79136111495
79237215564
79141674517
79138210681
79836034308
79818474701
79508006880
79067666766
79261245470
79603889621
79505820864
79099610590
79634266953
79016451939
79192043143
79629224535
79101929034
79119538638
79527974101
79067502122
79292576754
79215749210
79180339475
79237275793
79818973675
79166062056
79154240282
79051300717
79255296339
79055112731
79533037989
79045756655
79672820757
79521054703
79231312875
79265671304
79891234999
79086517647
79299456998
79236520831
79771952008
79125787443
79229527210
79777796405
79001113438
79045197804
79516736831
79237331356
79601040000
79995629869
79025858896
79393704215
79030987722
79528969961
79060907977
79230035270
79131157538
79122693889
79605655578
79889910760
79251568716
79850510010
79161698841
79537020148
79609092915
79080426875
79242447346
79602786430
79219866285
79047625256
79189953474
79807690152
79234319889
79505842087
79501599694
79649385153
79110288805
79042347731
79652662240
79995603025
79112715528
79170924678
79520263869
79258738370
79643243865
79529138604
79631962600
79046839674
79501921218
79146041559
79014330419
79166760363
79168502620
79618910237
79043685584
79107491018
79323359852
79205009894
79805548570
79374787400
79633148825
79111340226
79045054230
79272692022
79284394108
79134916567
79130395050
79049617905
79183056738
79259742673
79160603954
79132184694
79304172547
79833896807
79217694039
79186154890
79164272119
79266726309
79185997659
79145944404
79142758985
79852384486
79229198116
79869330767
79805368036
79633657981
79051930877
79180751340
79207896795
79031744720
79508681780
79246080227
79618268267
79140576909
79161808719
79611010093
79093746954
79141541987
79067521960
79136861445
79126029100
79523827743
79511769310
79500795400
79053105731
79284867755
79089663239
79196582282
79177120961
79141906902
79136217039
79874089116
79117317789
79313085303
79044860341
79999841937
79888957565
79892343836
79513526810
79248699089
79283721642
79136576971
79132130020
79236784252
79242590318
79096511244
79119523336
79895375181
79284612591
79183380382
79119775564
79161415413
79159490419
79058376089
79505294070
79854189957
79054728300
79049063676
79636345286
79886683444
79141358789
79029436588
79132031070
79251993622
79656498936
79098979538
79191835456
79814602089
79147155012
79059103626
79052457240
79826480007
79155595889
79060434222
79234905487
79969396057
79241075008
79265519989
79652707550
79045025909
79833839223
79263001008
79990316106
79529145567
79630308439
79029079794
79115789939
79996357522
79999861770
79109436222
79059856412
79606262200
79273734840
79778701004
79631611553
79147452148
79109768168
79122012073
79132423455
79144008316
79529684011
79209973656
79143385999
79637787692
79282298551
79049821380
79040145242
79963154249
79204235424
79852741340
79201083896
79123431870
79045352088
79027343697
79627703555
79156626100
79226062319
79110280210
79649343234
79994628765
79621673761
79516724544
79165374701
79246743622
79537956991
79232289533
79195391204
79175208835
79996937101
79502203473
79161819968
79510390210
79246402686
79023936891
79216527227
79671010089
79122414202
79616971315
79312500082
79534879205
79217524964
79089541873
79246923708
79022572648
79951179374
79771138107
79030286488
79521274652
79213939871
79067425700
79853086305
79518105055
79057054709
79030062049
79142103591
79057823703
79212944266
79531908914
79994466762
79182625429
79513728379
79506949881
79053811168
79040664444
79242495242
79994532933
79910859467
79051109960
79690179043
79263659502
79819846039
79184390140
79193151013
79827919168
79607595724
79217754202
79139416771
79061760724
79235733302
79150719197
79616474590
79213947693
79103237494
79999894272
79320119151
79850405280
79172884220
79136417044
79996082218
79873584564
79520561207
79854280788
79113742876
79067096049
79529697446
79024887519
79676716867
79615205121
79111687355
79533116884
79111686746
79168883042
79523434310
79817273832
79603792118
79511012164
79095463921
79826122511
79515305402
79288205079
79067557651
79117783313
79037783853
79244185661
79615257353
79851433737
79060991555
79539201145
79268209999
79231659236
79536250433
79688054506
79287788660
79069371472
79182176808
79995281220
79117239262
79188676857
79172709909
79102104742
79199949754
79372846887
79159767335
79251438270
79037693155
79190769132
79030720510
79055020206
79138944145
79888963443
79046577567
79064287427
79281177720
79169125552
79236064973
79509952561
79114444409
79141836374
79252442275
79688913688
79095921570
79131252810
79507785119
79814060864
79841728948
79194570790
79191061992
79113980528
79122810492
79025564661
79044791448
79219304888
79603722230
79033117724
79102306178
79052718301
79198922733
79181573555
79252451225
79773972238
79859134370
79145408151
79507786993
79033105554
79213932529
79037836916
79034868116
79882408484
79992261417
79044278974
79854434331
79161728161
79199508216
79006469099
79095325252
79607846734
79501940909
79631915798
79089137796
79262797075
79229258193
79092181412
79253009770
79621083841
79898876576
79602312811
79155807371
79823259636
79030030693
79500886065
79024438880
79174064780
79258757435
79525419473
79048321835
79106447749
79513187122
79040135416
79111141602
79775785643
79339997471
79136898475
79204190377
79002346799
79213144341
79684330424
79110859853
79236614224
79822985263
79995611921
79118344394
79163594367
79517805570
79826604666
79997161219
79266925859
79054278600
79522947858
79020791587
79098440117
79284131717
79523903299
79960963121
79811913754
79539990240
79211566292
79241350432
79065831192
79093901861
79262859731
79184908783
79039482380
79687157019
79047644115
79859650148
79250773752
79162171182
79143879915
79196702956
79511673195
79089215231
79632321997
79636856053
79183880131
79535774910
79115939890
79234204460
79608451809
79213679181
79502706585
79257048058
79226527001
79054233362
79126749233
79231018102
79503265350
79051264384
79167877918
79999852647
79890851026
79261683935
79173975758
79153506897
79384591405
79213835110
79053533009
79117582647
79255923700
79120631823
79055099715
79139440414
79054141465
79276712005
79001122610
79184647085
79161823713
79060786361
79034912642
79940119311
79286060165
79235057928
79260620294
79236466263
79287712164
79085013931
79373802898
79050585063
79888729416
79271201221
79038004265
79122732841
79523098856
79126698871
79606927733
79163202548
79609276555
79274431344
79966169989
79183904999
79122450550
79083144715
79043615235
79518627583
79631549044
79098043570
79060552488
79133976738
79378891975
79888731346
79293686405
79282477203
79210149525
79031392770
79049309297
79204808725
79262151215
79835518733
79183457520
79525894486
79241913955
79063964424
79826742228
79045589692
79135394270
79883507503
79031933334
79805382922
79638533779
79061777043
79037130032
79221117188
79829463552
79189397424
79528443005
79123234411
79614314131
79012200857
79142450160
79631600699
79066235724
79053112415
79139116411
79189857993
79080208512
79517523328
79198192624
79136245452
79277101053
79528042720
79301582259
79689273562
79525342189
79515287258
79502690165
79027038878
79282916944
79629194619
79204384359
79012206920
79284503550
79115818329
79618307494
79087165750
79510597274
79109374138
79182105163
79167789621
79029380099
79064132719
79160074013
79045076875
79146419799
79875756586
79531582659
79625523241
79532534446
79276277581
79198980701
79538320448
79122283208
79152871651
79537922349
79082928782
79092258348
79117985756
79647029959
79220210495
79265312904
79164785851
79630791511
79610294554
79262822278
79202139602
79246572196
79172922440
79143932378
79526049044
79258352352
79275437467
79531860017
79154178581
79502099855
79607990229
79052090935
79508544683
79997684463
79521836966
79518275773
79058006553
79692040041
79037207546
79040051018
79048813775
79626982211
79276501244
79817078933
79168829595
79175705484
79109381979
79875575790
79853000759
79032992960
79255366198
79153103028
79667556555
79114614098
79818917620
79807288187
79027057606
79045380010
79119908141
79213145238
79644347240
79275546830
79625884095
79111979124
79842502006
79636050900
79089178989
79153794070
79503783572
79141074143
79377770055
79131504838
79964474795
79104947842
79288142823
79165264428
79531594059
79208734645
79833219008
79628888137
79029981224
79112608566
79616497012
79515592132
79089600625
79135067556
79216539733
79264085515
79659774266
79096576088
79197016429
79779739277
79521616338
79109785399
79054265271
79144237855
79281502183
79272525036
79119705032
79586399635
79537531605
79615894060
79284186306
79011943886
79111964892
79967074735
79196827172
79523015129
79884075593
79242058567
79174198684
79130697655
79272458799
79166749811
79113186775
79097894706
79521798013
79084451648
79898288812
79645438063
79185263068
79060858253
79231262301
79918480707
79054154457
79013587398
79964132846
79066317148
79197226747
79204881992
79211444212
79035236650
79177375090
79842958868
79046628841
79816883525
79258183808
79292197515
79130262036
79521731546
79374351632
79088312682
79614754161
79119538727
79189407863
79143723017
79619847908
79534399339
79514985712
79099216178
79143815436
79818278799
79067871724
79183050161
79231147301
79852602055
79236560101
79219403091
79026678301
79614644842
79515604718
79242113262
79610614995
79600675571
79503207621
79213881016
79604515666
79131018270
79670945291
79522436263
79133696893
79172820767
79088660506
79118481494
79037243958
79381538432
79166304313
79878773551
79825544678
79269362428
79098962498
79618075025
79056317110
79184025918
79064051000
79021600977
79533142260
79514896607
79067753680
79096530952
79194296332
79532610828
79178705214
79106041856
79526595198
79638158331
79852894959
79531124190
79023982461
79139477476
79061568120
79806812262
79246788129
79181313871
79172327677
79167127618
79089082678
79116043064
79042530465
79818991919
79525606391
79080477958
79531207012
79127836598
79030152939
79112620685
79142225250
79099649177
79506478097
79317020573
79278462644
79024567309
79214088952
79126929625
79241193530
79222138183
79003299447
79300080250
79523686348
79619915522
79185894744
79004296092
79184180526
79091604738
79316033943
79657725461
79852102639
79226020163
79655005125
79381225355
79806238876
79612329777
79515051764
79689742343
79169108244
79520818440
79996852506
79172814752
79771966056
79295571548
79379970884
79620014589
79990090528
79145417499
79175974760
79055218682
79251232957
79029070053
79059132426
79204055594
79111971468
79057201616
79035625149
79266058596
79114179459
79293498134
79081333435
79189590236
79140323179
79535666005
79222056813
79010992757
79859704546
79044400600
79220272620
79259273308
79221870798
79241409599
79234976486
79004344967
79267054874
79654061064
79996065958
79518993694
79145499184
79538756894
79167370233
79954156130
79162891401
79160668138
79266758106
79873830111
79619909709
79616095617
79036189035
79226103241
79673333610
79244303990
79647288924
79313567404
79140673323
79536335139
79673010101
79045241778
79138966215
79031241954
79041804896
79036699882
79181342003
79062672375
79262728108
79185918934
79538858847
79182540292
79125649206
79177842606
79172447887
79026386658
79147478590
79050018906
79137866127
79089137379
79131354523
79293634305
79112110854
79897299420
79537454212
79532214108
79122518139
79204140002
79141551721
79166673710
79040315844
79228151545
79513715442
79619310063
79869762723
79162227617
79059801065
79537766442
79530411232
79885454209
79516051329
79123635095
79181570883
79085786005
79875895090
79240091515
79777023536
79122957100
79857228962
79060455086
79163845305
79030063798
79058620868
79000415065
79537417140
79111946225
79101238755
79043921020
79065551061
79990892519
79969248138
79050163034
79033132924
79055554273
79855350075
79025058292
79044076084
79250481193
79039128119
79817932276
79990952392
79145913803
79246875555
79505511486
79600828694
79009620837
79032956367
79098821196
79021430290
79654687220
79133916833
79134785154
79245208880
79507109444
79533348550
79682834049
79163124543
79920198894
79046267267
79148826125
79788266370
79245861448
79165509412
79522142111
79237050596
79997922113
79244154447
79267253159
79823429088
79204721872
79525074841
79274033781
79262385131
79000418835
79161240207
79235601939
79818874975
79130747915
79169435840
79995148866
79119049887
79035196894
79181616217
79226090156
79221448676
79021325279
79883338477
79205060657
79604274190
79158529880
79236822762
79122790414
79037507216
79609001771
79140291195
79774746656
79061239536
79515619192
79990881474
79283490492
79116836178
79126133860
79139298809
79091767979
79043321291
79228061686
79208977215
79089260753
79241722444
79883211250
79529192054
79226040700
79629451373
79105110424
79811853813
79233442418
79286560203
79055746869
79189861769
79600681174
79037272324
79818382812
79528328829
79500135437
79914193139
79169992722
79284006327
79200246703
79054803972
79965459135
79515176742
79184938379
79888920357
79504117302
79031161078
79969196381
79502141874
79027633455
79168821940
79526152823
79033435826
79041094111
79178621139
79600496573
79644901366
79912440167
79172249817
79109630480
79136495250
79263250629
79177492071
79176478532
79119214684
79042720249
79218983558
79639493685
79049790255
79052557610
79198664225
79250307003
79163742529
79092011999
79009968680
79161565527
79030051379
79138272197
79035537665
79295019819
79032990613
79787188616
79990858971
79827316690
79825855752
79857891227
79167047451
79126147532
79600604513
79186743025
79214352199
79166244540
79859295316
79513982316
79266011529
79964482196
79141666497
79232784518
79518382250
79857599579
79032558212
79054226666
79126343702
79538340769
79281755709
79518127782
79124660846
79614417905
79529462423
79510271273
79279612958
79184996992
79104355802
79092177314
79165916771
79603859245
79530374141
79523007415
79652365290
79213969924
79626167404
79262340746
79535603288
79817472227
79507645319
79000277212
79261500164
79778136971
79678210389
79105110812
79312802514
79211848430
79818875294
79046103649
79157296028
79536082182
79930025016
79057013337
79174334242
79532330913
79066695765
79776249689
79115749723
79117814647
79191820952
79636407394
79016903349
79217737260
79216507317
79050953656
79106602077
79134500379
79115951186
79054467101
79105663360
79031189393
79601555858
79189189012
79375496269
79185908928
79119799158
79175131181
79062256107
79281566840
79284053196
79993676448
79141553218
79853646124
79817084595
79833581665
79105642455
79146621065
79047080527
79115748619
79177310227
79147437414
79262709920
79502677542
79624021514
79104003601
79132961264
79177626132
79963945479
79197762541
79143098337
79015366092
79854683458
79211120515
79217011844
79875883176
79507768393
79063307118
79263666235
79195849908
79515060764
79103904033
79049747718
79889977421
77064005269
79045085238
79009545281
79141787219
79870494999
79234343150
79124993411
79920060118
79883040202
79998980559
79534335795
79870475508
79682844761
79517694045
79141183098
79827476955
79885449808
79162802326
79520678127
79312729705
79202114172
79185004746
79671581722
79266815178
79375357177
79144687116
79263881568
79510788060
79529215387
79501729875
79992391948
79062799927
79841701025
79222912594
79609703488
79261567403
79535628349
79994955672
79528301989
79183316053
79174657212
79821824730
79028292310
79523754663
79161118521
79160950440
79129973096
79024409909
79961884513
79161744594
79146460469
79152998074
79135917262
79038900496
79094446749
79131517837
79188276108
79183724120
79992050958
79500659129
79208094105
79111299938
79105835501
79134554055
79161785109
79092500468
79039736660
79529058504
79095001098
79267874305
79636670396
79505396845
79272415875
79221421622
79182049756
79777122199
79151596726
79615394947
79112828150
79872123624
79166534444
79144342354
79066836424
79005595808
79252043070
79235179555
79120770001
79826357791
79067235051
79622867149
79835504095
79181736677
79515119921
79063535312
79060484088
79037235872
79872655877
79212656597
79048907272
79168561841
79293060950
79255662232
79287768126
79137201698
79779275849
79508652414
79537447229
79522393880
79132953688
79517746720
79129707100
79107818791
79262218005
79527144420
79649307608
79296503457
79270438084
79242368418
79119654943
79831756076
79852869021
79032500205
79122351636
79082073247
79135310019
79315099194
79042722449
79885774068
79196117524
79064520590
79260737352
79262750040
79265493234
79616124856
79184868750
79035740749
79040781372
79508935862
79057236423
79111643158
79137124956
79021795290
79530502285
79037255203
79083477182
79137112359
79514134155
79191620657
79183780290
79032450595
79537982653
79095019218
79777157060
79061190095
79312551225
79129478353
79169113165
79021366039
79196285533
79198384414
79131290301
79135623857
79242110195
79251820091
79086749003
79954080654
79147905503
79119409934
79532709119
79144173497
79049657866
79511368620
79253296626
79830774160
79051121453
79046327019
79136438012
79193274926
79214041469
79618808078
79225493348
79234405958
79999819125
79671757314
79165838102
79060895154
79065043890
79143215995
79636668480
79201851032
79104793265
79157925631
79779796701
79046806968
79182908836
79180030430
79041647161
79137058858
79281662727
79168308401
79213691077
79147974220
79315802163
79134303142
79052045113
79030155498
79033137374
79064596362
79507755683
79219190059
79157673457
79919815428
79266545678
79081151858
79504295395
79085969042
79521775381
79283704576
79506413512
79214201505
79619543979
79122139664
79090760007
79029421120
79143932775
79045449142
79173439865
79211233344
79585084674
79155835949
79091133500
79159160481
79112526869
79891680498
79138984647
79026411140
79134530690
79003624969
79132099711
79655304242
79241800008
79539506090
79216395525
79204871145
79774825062
79186269817
79046469309
79210630053
79511607874
79036245659
79375142263
79204115990
79819447585
79095403122
79167965677
79031745365
79246608683
79161460598
79328418853
79113707927
79231728237
79123452533
79104405769
79282228006
79104806843
79503388197
79581495593
79168728689
79525784620
79272767767
79055822954
79021469732
79805258188
79512200147
79897408990
79940245859
79661324632
79506830564
79081071138
79180305366
79140345633
79179248180
79242226800
79185289648
79261719668
79516149109
79280404062
79088013899
79033532254
79198669841
79110525773
79081194755
79656101732
79089732073
79237290115
79532911609
79028555471
79505831680
79204200045
79284198485
79009811605
79515224621
79248588736
79184114691
79161575139
79898096613
79185134320
79061113670
79670597897
79257434943
79538049273
79065096321
79081777213
79881369999
79607748580
79841422605
79242484908
79098275056
79772621642
79099359749
79094381595
79262777353
79521810260
79295028148
79269300117
79885580292
79175765626
79506780398
79500617258
79097661463
79039566747
79621600428
79130562590
79069936043
79039482593
79521249631
79045765338
79502059574
79032914922
79186774171
79111345538
79034853338
79021251351
79013460905
79888793995
79508618558
79281945510
79777220520
79111779137
79024309607
79061872072
79190633558
79920285042
79528523386
79213924807
79630499956
79384837077
79164710086
79261487546
79001098090
79635159160
79271923191
79621505312
79112361782
79617700883
79676538634
79106808912
79111854662
79041347412
79677585090
79041756425
79514295515
79130704001
79038391848
79032896890
79161615121
79084184882
79539996162
79999994975
79658248969
79242433320
79099439082
79092369099
79043416975
79002534216
79089924499
79109458795
79032828513
79292277701
79118898539
79602092115
79005732603
79188241104
79030251952
79081286791
79672707507
79080544059
79133310383
79084781268
79087976617
79220658544
79261245493
79124741324
79038682150
79112248307
79292122029
79145488527
79081034724
79265610084
79025887750
79148501515
79152086712
79604977712
79139131332
79604686762
79185819974
79648974640
79243276849
79213874499
79219464869
79375755214
79377232373
79262713739
79274027000
79153230740
79274309245
79165180233
79261489828
79964243700
79033214068
79288174219
79009567189
79654353911
79888989323
79163685852
79119678958
79639413387
79164849442
79196914304
79173460360
79519263315
79189859755
79153103355
79258586017
79154886371
79234090915
79531609591
79089700549
79139631180
79035805999
79161374684
79375629895
79085198979
79625501320
79898200935
79192722791
79381817574
79613366500
79029069790
79045156304
79043226392
79108197661
79102455508
79151165587
79312627171
79032670867
79119726348
79157327608
79126674557
79662926793
79841781396
79190358145
79781438944
79052744099
79129434215
79267331624
79688472749
79045580328
79168326293
79505293942
79067189513
79080030880
79264030103
79268181984
79372460949
79128752121
79622264379
79772679345
79197684910
79196564611
79044961709
79199664542
79209550218
79209537389
79670491797
79011127029
79062734480
79538884505
79046435757
79183458511
79777513368
79185286992
79807470810
79026282028
79272266200
79094370797
79043237073
79003293564
79121263805
79183267418
79682654969
79505282209
79040036558
79307077213
79264279396
79885367819
79169424258
79145226787
79210520234
79609633113
79538664246
79055748706
79099650102
79899594809
79027338059
79034913333
79038423537
79508096009
79003467537
79173647468
79505137297
79057379845
79089247156
79201189828
79281287251
79854349173
79601090698
79132087439
79172441615
79254180197
79108631635
79504046945
79374443807
79035201887
79823274586
79895074741
79027988341
79160159642
79184517351
79025959672
79162001019
79053076596
79892950186
79184942421
79623336664
79119100336
79047593137
79041639193
79003266372
79834294964
79245249095
79175846341
79137640974
79146729078
79160717044
79130650049
79969120313
79066739319
79299857116
79222258098
79677770602
79110145646
79059014871
79963044851
79631914017
79191460802
79608974412
79058504950
79652530583
79776117576
79873560023
79886013753
79141757817
79102483853
79044279039
79104369442
79821853179
79048275139
79119593992
79185317095
79083058001
79137435951
79236065255
79873412103
79504088598
79060487723
79537305949
79511837700
79261460245
79629621568
79060322580
79250773435
79175185487
79216587499
79058248155
79513939733
79273061987
79267268539
79112144105
79199509013
79146976625
79013886651
79117200398
79262759285
79035114543
79028753960
79634768297
79168248685
79530080022
79256266521
79202499891
79154359662
79137691006
79166752932
79293332589
79091562964
79183920308
79508064476
79281251861
79818425509
79224685795
79940215469
79501987070
79920002560
79990576969
79210528557
79036966791
79267827495
79096449124
79114410095
79800089231
79203498096
79624038425
79000535845
79131126462
79682716469
79186407699
79113231403
79276547927
79532983146
79058538954
79818795197
79263586399
79635068004
79094187749
79818912423
79293363028
79515442936
79154310258
79134517725
79911119667
79853685802
79133842409
79264129162
79021324618
79208836574
79274975454
79110365960
79269865937
79779456807
79771655499
79823484517
79141755400
79155992913
79017515234
79788363644
79273443417
79052995317
79069999513
79516178203
79065251240
79175453389
79295969029
79260263753
79302237198
79098868781
79807830190
79533119541
79377224793
79134169820
79658443212
79185088265
79215259105
79234900811
79516513219
79024068525
79050750766
79649269263
79102692564
79295231380
79517834065
79057113405
79099008500
79528833580
79149750564
79080741587
79248621528
79131369236
79281444550
79103066695
79521107934
79160181874
79036626836
79234190165
79966278267
79148110460
79053982607
79636454848
79253055692
79194234582
79196585130
79628059822
79081083359
79056216099
79044433596
79058006716
79136088167
79614413047
79167502976
79522992320
79081486647
79064524128
79612842827
79222508363
79992036918
79049640876
79112106006
79779695735
79099731562
79147223101
79085671498
79818639426
79104491259
79023644648
79194832740
79043070031
79615839201
79636104728
79506971836
79991391259
79532461293
79129550465
79050744417
79373350533
79028864834
79108340074
79069463625
79132017014
79507417856
79167278740
79031222864
79050525688
79994707013
79677418805
79788551357
79372797955
79186693392
79222074219
79149507899
79612210871
79887578323
79604870724
79505432801
79242369972
79875835859
79281762046
79841136488
79088995986
79166615353
79829705593
79247111061
79122806900
79275311464
79126115242
79823037426
79123248466
79081843292
79174118401
79774269197
79279981975
79082955731
79050876889
79205183374
79081815463
79818637898
79083196714
79505455859
79772569759
79045369385
79673903843
79173433838
79099284221
79191832204
79236163324
79525023570
79103052375
79832104130
79870918452
79969746669
79297227237
79205860625
79037470940
79266261222
79268117260
79174279199
79242246156
79039606767
79242020220
79156189852
79250512347
79021385223
79885654096
79689403513
79092049231
79969212896
79823226239
79122555221
79681869541
79171207208
79375111989
79133120125
79097260634
79102310304
79204594129
79600798866
79232833883
79089192147
79059651645
79270857847
79530590187
79253589369
79065036350
79152414110
79263160773
79964290988
79688083991
79118818145
79220552655
79199249534
79242121283
79854447586
79242585026
79254476921
79825164153
79235808565
79502904292
79267674047
79179555302
79029080785
79119325175
79512960848
79320509988
79992112674
79644860004
79216488697
79889555911
79051133371
79043655089
79254495289
79160157048
79265604325
79042840313
79096250127
79095833130
79999876983
79649354755
79814241749
79051331342
79213158065
79246088485
79033872140
79069434352
79657304470
79651857723
79231572001
79537972920
79031880207
79089044647
79094383566
79057584058
79186555272
79186666077
79872574649
79682836613
79821806201
79317119950
79017969433
79132792840
79166625433
79235210253
79241760994
79778740137
79612359383
79788563978
79384258785
79028080669
79058593054
79178039492
79999099316
79500290587
79091833946
79013462572
79165155351
79953151909
79119846640
79160634180
79040745495
79009611026
79116421592
79530022080
79105827592
79056347497
79610900749
79267314246
79178535033
79219832678
79041211910
79233045892
79097400807
79255401281
79186903370
79208205551
79393965218
79532968229
79060631917
79164486760
79147432825
79081900112
79132184949
79191072061
79160122235
79374741710
79831279118
79141604108
79291058266
79185003830
79511651907
79081781796
79213275715
79533741731
79021348105
79122132697
79523559995
79039658553
79516075062
79062252906
79151450001
79144507787
79621520546
79888310929
79214373051
79050070570
79607030030
79060652830
79009797806
79066541859
79142032024
79831094006
79085880149
79118945834
79105452048
79052628511
79045793917
79217013289
79272343120
79244687986
79116759112
79372805615
79164292406
79605048730
79202556585
79160862195
79271838486
79180417711
79384784342
79050110044
79267388433
79098604654
79841831790
79826120446
79262628742
79111492264
79150856412
79995296675
79226015928
79636855677
79002229966
79876321966
79687080393
79223500161
79652212217
79112786577
79778094942
79251480394
79062316203
79180640101
79507830735
79189861552
79099224329
79042719722
79036180982
79121172021
79923313545
79527384694
79033478811
79231171028
79375943140
79160782911
79818487822
79040417313
79116221819
79536178298
79267254912
79140336812
79626254712
79117460726
79628043983
79164258112
79154604074
79061941890
79856825349
79898551862
79514615751
79286373732
79218884414
79995712330
79041181086
79260237575
79152282774
79184440449
79787019578
79086344228
79263017917
79017180210
79660747823
79609611983
79178017234
79531833398
79111730577
79503301195
79253143600
79999737713
79165761105
79031006744
79053526558
79180525806
79125482322
79140431255
79219969661
79108058922
79624201321
79889965855
79224201625
79635339497
79204569906
79290861812
79221707625
79778566903
79878528924
79536721501
79139715359
79381340056
79107775797
79778918643
79255528731
79614319090
79167399950
79166767657
79835867265
79172977634
79137206702
79516663668
79234656597
79037184258
79502984690
79119281181
79099445571
79213315500
79165007251
79688253403
79234182221
79508569442
79646030114
79109224066
79042898097
79281396378
79032100023
79068006823
79086467009
79688122043
79044992139
79841420521
79098556202
79655840789
79324797312
79653179327
79064725652
79031632024
79046184319
79213806271
79110042468
79178796602
79034503071
79182125405
79776150122
79375343383
79143322637
79083130065
79108267036
79184982623
79898350707
79279257852
79242586708
79024817437
79132648642
79506515192
79965600739
79032512416
79132332993
79166042513
79857732289
79954171776
79811077046
79137847370
79143377370
79212455581
79009141213
79673142933
79081128380
79270729600
79085059283
79527127856
79111280052
79606558598
79231060336
79827600671
79645864447
79657380192
79234624224
79234244913
79259268754
79142006161
79285828338
79996714881
79038322013
79011173510
79122363708
79609347914
79616656463
79175689119
79530808048
79129172220
79166342023
79616933532
79202501120
79242400978
79209163644
79065125277
79137725719
79201305595
79867547855
79521814172
79261434311
79635767626
79164066453
79045855095
79533885739
79038122064
79877258891
79053484847
79625912591
79524916888
79202320513
79025489796
79213341714
79219001831
79000856973
79213590035
79676060202
79144007106
79261883433
79881719336
79634342596
79171480627
79525128861
79152933722
79503105817
79236646875
79086468144
79261402494
79204424376
79036558886
79242132225
79823086106
79262251221
79009076062
79149818597
79095311858
79525155286
79501149804
79126138647
79996735535
79196609830
79129554276
79673374822
79215925073
79818881663
79087817500
79526380454
79600690922
79521687630
79260977136
79242342098
79854432029
79214285393
79842910380
79535121925
79039028977
79882364575
79123179752
79037299773
79214415570
79628150115
79802474819
79778014522
79616085600
79122448070
79276004743
79297845357
79224012370
79528024133
79037926733
79996328055
79138668783
79115044720
79096316736
79066225432
79961785253
79168589989
79035712533
79217988488
79538025520
79246556779
79166483836
79187572729
79064332554
79126224916
79043898234
79089492382
79129386883
79217770215
79167967830
79822046110
79140949976
79036783756
79242244232
79886332340
79067547543
79636796373
79213487729
79650529784
79197298584
79196962881
79888323396
79236515237
79147955497
79508065036
79273564009
79251038319
79119965168
79123881439
79772514097
79153333362
79139525090
79088093240
79115715000
79269356595
79110258329
79131327983
79146077222
79853617118
79283603404
79066365033
79381140583
79028221016
79525083524
79827931503
79128552664
79512566140
79104571577
79619910954
79965895992
79637345478
79095392492
79064054814
79149760883
79235297797
79049266672
79066648284
79053085815
79520510243
79064956803
79282448289
79197755018
79236433590
79040766406
79530817900
79061172348
79622878167
79155991996
79024894353
79154883820
79182204826
79112176188
79896827553
79178658053
79203015404
79515618921
79202936613
79625832631
79869029251
79119530562
79381002770
79164627031
79110878531
79185040556
79882375643
79313308556
79232399969
79374512245
79049999444
79204148220
79530555573
79025464005
79857675561
79241221396
79607863955
79855582258
79094954258
79002237117
79315323454
79035177810
79029782986
79022021472
79952035920
79220209915
79112388262
79255227679
79524918158
79248483455
79377496786
79320523388
79031746778
79143961267
79773761190
79618615454
79069952064
79183876776
79116328636
79179946377
79607890876
79523325777
79060942980
79038201383
79166750128
79265258999
79150304685
79851001555
79120162054
79133029080
79250349900
79899505860
79105992959
79055143008
79251138802
79082460077
79036258720
79133980117
79142014702
79103121208
79141374075
79537911481
79375815677
79053751148
79039695410
79601333436
79051775921
79671796778
79286371753
79897214718
79219659034
79508011200
79610405477
79261002422
79888902823
79147451396
79219419114
79175223251
79148481228
79199064072
79607083943
79262620876
79203405482
79507595164
79147911649
79121273589
79637526673
79221151136
79281238256
79095096045
79052180006
79042307073
79262865875
79213311898
79963434026
79148134459
79923402075
79628998362
79250078666
79096535533
79539575321
79118229477
79992123445
79081789090
79500306899
79181593735
79140777753
79206782500
79646215251
79519227880
79660354766
79030731365
79272439711
79817147835
79273330181
79611580528
79054010028
79999780488
79996321450
79229637663
79069460171
79051640744
79036265266
79502761618
79656702590
79132345191
79135695246
79124602210
79187947244
79373057767
79513802833
79245912406
79819726946
79287526719
79803406583
79622991073
79050940404
79622474752
79122732227
79195584252
79606675047
79183978332
79306989164
79996978922
79537050031
79210178838
79321176095
79680219455
79285377008
79163503400
79006513015
79511628041
79093635566
79135041096
79024809044
79898143700
79157369843
79053332236
79874831940
79005064324
79373953538
79035877768
79969595091
79201242957
79043000830
79089248261
79625191785
79182062163
79044459580
79167973798
79532797323
79031256012
79280102133
79168600415
79161312952
79152652064
79049893108
79374203971
79776257541
79132806872
79628667799
79052107164
79625867210
79528262621
79841815986
79268174359
79139460007
79523600011
79120268418
79964035718
79139473651
79889906104
79038120170
79601076466
79821956760
79005970908
79059122451
79651238985
79221538951
79146622656
79042891813
79188209022
79026163626
79176557367
79119570718
79818850169
79185371636
79069133377
79151997485
79037229918
79272349020
79525492573
79536020606
79284957305
79164978436
79240200855
79005824456
79242028232
79035578594
79042530697
79505859899
79185417736
79126648957
79177513128
79175528549
79500451244
79663131849
79632774798
79138614687
79167623630
79050932494
79964020566
79871259681
79379332170
79771978217
79192378016
79174930242
79091029327
79657615653
79616536451
79054925367
79204342572
79287548504
79871059010
79261090356
79880972983
79036222114
79033964765
79871020069
79210610684
79091528332
79218664292
79062540699
79047677015
79058005208
79054995589
79852905174
79269161151
79533490921
79236014510
79188900098
79500417335
79186256561
79028956038
79895153815
79529490666
79517350532
79033941903
79219326649
79268996872
79121315671
79190354617
79531166948
79503134637
79264790119
79286523405
79176695401
79036610073
79147741103
79089055660
79897125572
79818164394
79175754416
79613335979
79210573885
79036771561
79092094250
79148748553
79122337015
79086770524
79031870383
79625571340
79969525370
79053983631
79242326474
79081990163
79628318992
79516525994
79777795149
79613939535
79006935979
79508014147
79001357185
79897584925
79234362000
79884010203
79050015217
79182994262
79000280097
79085045329
79641125723
79231776658
79521385559
79507650335
79787304058
79045363861
79086385366
79261642669
79885946901
79141713701
79139482817
79505909353
79038232500
79036670937
79651299600
79500275362
79509743006
79005026701
79137872010
79632167473
79407777950
79273171297
79643208000
79218910106
79212845460
79219256079
79522139933
79041792258
79093303838
79081764550
79252033699
79153559887
79098540702
79082834380
79778098959
79106482040
79373509624
79172689780
79229669576
79528097783
79247384708
79235149831
79048601826
79778745438
79155557224
79039538207
79506334247
79140279031
79068141857
79522231403
79069604223
79625011273
79204556505
79095032621
79241912885
79040954809
79119142065
79196369845
79857608613
79026970239
79647903952
79277260887
79117976937
79022486942
79119512200
79211453703
79282084334
79052612115
79050369777
79129252697
79867909588
79653817134
79373335400
79510893234
79539725684
79109429064
79009171880
79506370002
79626680322
79059099998
79628543990
79035404106
79025148121
79817615978
79673617649
79035330000
79143713302
79089537466
79313217228
79141970425
79241087400
79777238055
79631250086
79178983741
79115381623
79164107663
79283463348
79214043874
79213986478
79183173621
79273437586
79776015711
79193436235
79523915410
79167701990
79180975305
79066522325
79998836081
79081327206
79183587837
79898387687
79995604070
79263956179
79209707511
79187713616
79537625616
79116927497
79094571902
79175595955
79773358157
79189355888
79275210512
79642164606
79045117793
79162303157
79090242152
79081456377
79027185723
79005564311
79185279944
79994436962
79313000403
79241868316
79314042126
79119772091
79049906116
79371316902
79037452502
79282078518
79885091515
79033242416
79117245859
79274216215
79652177969
79094982913
79172821132
79057671100
79037505324
79890827510
79035825237
79172813239
79035061037
79217786028
79142113974
79069885837
79227033724
79151168886
79040015825
79178953185
79126247596
79086664720
79201976175
79195017343
79930155567
79245287795
79283555972
79500360194
79878166941
79090940136
79273737766
79219595668
79064579884
79283777736
79196085760
79965006808
79147849811
79178097654
79098217877
79145056889
79047557642
79826640578
79135580857
79029843042
79147071170
79217393120
79046834042
79144031268
79529220243
79886660006
79521269833
79145973612
79774641102
79995670540
79857743435
79261190407
79110386530
79123703723
79516480337
79657514986
79533223866
79132201784
79964590848
79130289640
79142956304
79241184249
79997187519
79265983287
79169584991
79183201525
79262693645
79872983850
79131831024
79500305458
79006240355
79118667675
79021995921
79995709442
79098434558
79111291645
79633068846
79260947312
79194912212
79228164951
79115015051
79189092559
79136472040
79219212534
79811723688
79038287820
79277060299
79264743228
79083413080
79511735042
79802426915
79063230973
79028914446
79831045015
79178548864
79272666400
79516090662
79122216128
79024800393
79872324286
79511798008
79052672693
79207583855
79533095176
79851147022
79892846224
79875774703
79533411861
79117895188
79001974785
79803679501
79059294140
79243107310
79520302118
79961787831
79041135957
79186171109
79246911966
79604904201
79503114051
79615853984
79940083577
79132252128
79213493050
79241099301
79296565902
79225324241
79600582130
79625259808
79036220142
79151069306
79111722287
79068088695
79373473572
79602036615
79131652689
79994703409
79056884984
79587772666
79856643624
79040246613
79043935892
79154362921
79772679016
79175905904
79780506353
79532237289
79312574439
79200708480
79823454058
79835837715
79373122486
79210258460
79048953309
79085140076
79278111090
79112130033
79267902010
79605126867
79517594252
79539181970
79538689860
79145423466
79179212156
79260961718
79638141773
79120164330
79147125183
79670050852
79785203141
79191651707
79818467697
79831378506
79149617774
79267606938
79089595639
79173876628
79085064403
79042229735
79674519963
79153767712
79001282912
79507612884
79653416136
79004723124
79232028685
79276106119
79969605907
79231489852
79213479197
79193949840
79055183004
79185208154
79529251248
79023474100
79199888899
79273403927
79196072219
79787329281
79773621211
79532498743
79090112179
79186204666
79539339887
79897095997
79249250165
79040238433
79617980033
79191991803
79891652734
79146404990
79082188322
79803540291
79536067140
79836168197
79201531454
79312290373
79166702940
79122586706
79175249744
79514929468
79164882932
79176957962
79184181049
79067085553
79505798621
79290072629
79232201313
79067027828
79041641497
79102416862
79230022101
79885516665
79198789552
79098545687
79147915660
79527787979
79081493726
79246614817
79127065875
79165182675
79061464443
79138523048
79312887664
79531243323
79117247221
79631088558
79055001031
79510694087
79185974778
79826912588
79131983353
79850277788
79535245182
79040334244
79656417991
79119867397
79500370459
79139094872
79183930753
79057467101
79295134669
79959666363
79381495049
79219159636
79103467828
79112607906
79221039541
79146737374
79151180761
79186206604
79263482277
79963883680
79519851355
79514234447
79522841011
79162636111
79298061538
79107267243
79522823230
79022636672
79697327898
79064503827
79953149704
79024457061
79113594792
79207429504
79137738893
79676428698
79996234914
79638050392
79163329490
79061759083
79967321151
79263956090
79517872085
79118715989
79897021367
79856470095
79039450092
79036161965
79263443541
79246436082
79161255464
79161123106
79260609647
79246017357
79087731215
79122719646
79266841277
79166494242
79043046122
79115981102
79055829034
79281002424
79890916500
79186370099
79873848356
79094559950
79025333551
79649033486
79377409830
79654509995
79172985797
79994645858
79296202808
79530673536
79057090682
79963480195
79313538393
79606918880
79033938732
79182649192
79184664824
79627055752
79535242076
79114258669
79513495418
79042716287
79056368839
79034550779
79124456884
79017782136
79098350141
79021305776
79535116040
79114492613
79198699690
79663095641
79964495061
79191099636
79604463030
79118456305
79166165052
79176621199
79539508783
79149627891
79537913329
79649464613
79287352245
79140762549
79141985833
79237104039
79177531181
79639715797
79246791207
79116151638
79098136029
79095775617
79267375067
79182334665
79114315434
79098564905
79231709662
79268594264
79180550860
79126077630
79120540524
79081216614
79270727087
79878785037
79166641493
79503251226
79506578777
79148645758
79508982301
79021602107
79045583966
79186170715
79686267219
79505754772
79046079640
79108244943
79214264228
79857235106
79185549602
79636588337
79031620350
79609509002
79152174424
79507215384
79147725507
79818788101
79045886989
79605231903
79107997200
79063332899
79859850677
79385380602
79124462992
79217472961
79250646339
79037882026
79042335028
79119200423
79686204787
79152998882
79227483802
79261168207
79620286769
79202012338
79261209848
79778791913
79618909334
79213821927
79031696297
79157208870
79258661005
79507479361
79609005450
79054130798
79114383931
79773406810
79169926647
79608737733
79120442191
79114493735
79111946436
79500067398
79656141347
79217568542
79994478166
79138030946
79200778722
79043840672
79635250395
79106399409
79963943797
79533515256
79080540090
79028970663
79183797516
79031984209
79779928571
79630002288
79138301783
79139120008
79166873427
79807084574
79167583753
79064536875
79026853544
79898242597
79163446559
79618111199
79185280675
79062477610
79027226046
79219786202
79089972507
79086792718
79189415754
79207082209
79292074412
79807411445
79821402430
79035984451
79834437040
79920096140
79168462939
79282575683
79041440734
79249201095
79054212072
79242355145
79628057901
79139148024
79216444369
79049987568
79063995839
79656696495
79610264653
79138620295
79045860339
79174032432
79042130054
79119441581
79519018123
79138898472
79626968209
79022519090
79046146087
79207924392
79091574279
79607953698
79377156061
79676006162
79608820800
79217855794
79500166392
79016507453
79278205448
79627127619
79505917559
79274629556
79081086960
79514089919
79112150798
79051502158
79852520670
79525434112
79142179422
79009272050
79246139414
79628072942
79063711372
79373621113
79032890214
79377468022
79654558071
79999775205
79119398407
79150225079
79638087984
79179155476
79201885790
79014518397
79022648384
79117682320
79089281353
79057723161
79198580797
79112068407
79627610310
79139684451
79600390027
79104022532
79034660006
79175659629
79379519991
79114511442
79835822812
79045240644
79037227335
79280553512
79815027025
79211101707
79113921056
79502849241
79639770244
79250784605
79524859898
79168509842
79119832214
79089993369
79174394072
79138988844
79633841380
79274772666
79999813148
79272515652
79507734317
79628645653
79033053495
79233636828
79021888548
79081818994
79278801100
79054519406
79162529748
79531737577
79111746867
79042886265
79132543418
79508176658
79521720761
79149697307
79504509046
79160144705
79211769806
79039643763
79686038077
79655062625
79132452227
79130027579
79221539999
79633312460
79183516299
79022697144
79164983748
79625818789
79236515433
79031998757
79991940071
79097477013
79268119162
79177672501
79194390935
79216545464
79095182889
79153202512
79184923987
79502986997
79184598108
79150662201
79084833630
79162998324
79136404711
79116407694
79995699991
79511993017
79647677640
79061136330
79262682816
79228588875
79034184537
79275048174
79112749673
79161701609
79161263007
79502603669
79227732415
79132069095
79000561358
79118337821
79036701039
79132339335
79771029063
79319650210
79067111031
79022745455
79507863998
79218630234
79615279427
79207594410
79145960678
79137978383
79500167154
79688755253
79142784552
79649399830
79135510868
79121064598
79771970526
79127031291
79661643734
79527307144
79205376320
79262478990
79133116587
79994609102
79140683270
79670592800
79200209477
79629631352
79082961272
79097579012
79165132867
79521795589
79221412590
79505475055
79141771946
79060894424
79528108873
79526389973
79314162484
79995950200
79094437177
79260386660
79996167461
79189406512
79507585800
79192421314
79104741826
79217553506
79080253474
79281947781
79242238888
79831214098
79656074202
79242200430
79500382092
79035698396
79229425938
79191525202
79126972461
79104148990
79034494858
79046139967
79501526950
79210781770
79234756311
79174373573
79602493704
79056422323
79651227918
79526033505
79165603912
79142086801
79083117764
79601366945
79122719745
79522070780
79374495095
79963797522
79081256938
79130749482
79169034724
79050015521
79040179520
79181619998
79271734336
79141336283
79045522319
79527307060
79898042022
79200280847
79006558350
79521603533
79099258593
79183636480
79651471558
79237618737
79508933182
79134980425
79045412112
79536242382
79169359070
79616777220
79521128701
79159685528
79215726275
79995551955
79168444380
79811548744
79088210699
79213414848
79040335533
79049909253
79043315146
79836970363
79064208901
79213157374
79226254716
79024665914
79091524919
79505245414
79222964351
79004251154
79081802215
79998044769
79114024291
79898154534
79093080554
79022068964
79270127229
79180912175
79141730657
79283538673
79885550125
79639418987
79282420322
79161341444
79537346776
79161287036
79219994484
79961005962
79089001426
79205020115
79166817838
79134316271
79020095961
79143984414
79064925129
79002003465
79182002086
79995280312
79660476000
79246764975
79851471522
79055599867
79031555371
79120525772
79299955641
79160636186
79085109538
79113819992
79034503857
79096465888
79610753395
79162341465
79180327538
79168366000
79043529051
79274046284
79212736680
79641258072
79094679964
79183388444
79102431170
79029738122
79999163479
79219332726
79166199887
79055664455
79857671252
79241201212
79254043601
79046900968
79640907000
79529338254
79673575802
79267345324
79006009610
79293489899
79628514995
79137345920
79990822292
79510147406
79187922318
79185060321
79215119909
79990313225
79064966651
79054472063
79878724822
79095242006
79142081934
79650661418
79055593983
79093861987
79084024081
79624214317
79258631920
79037951076
79127431495
79125003624
79107405912
79161341766
79145905924
79055580070
79241424446
79129475618
79532742953
79265295521
79059453203
79112944834
79128041064
79671032689
79856614503
79022602432
79086550906
79035813271
79286834765
79161910004
79132088068
79080034898
79147238603
79162027266
79370989415
79773308964
79887405146
79024048169
79244289227
79773154773
79126664148
79371587477
79044858983
79180774773
79241916964
79132448578
79635769607
79818933782
79994403030
79232271912
79520917084
79174646497
79132911812
79168280914
79296465218
79180101476
79153818567
79300876990
79817065675
79823567264
79293659856
79031860724
79520407041
79604977993
79184485583
79667774211
79202938473
79204747520
79827543430
79689770057
79035807199
79516560772
79261977684
79514131874
79022642152
79146811664
79657775321
79673328732
79992175026
79182475739
79218570406
79138130565
79941051922
79139478847
79061197135
79612595747
79263985000
79826551007
79255161950
79677705208
79063361440
79529868044
79521834029
79162180827
79616651782
79141717902
79132824055
79216683578
79097438524
79533240184
79173687432
79056092676
79530538079
79242368495
79996801020
79650997247
79059598476
79232209793
79644315557
79032093191
79217452182
79143863393
79081801309
79063963456
79119177202
79182854567
79616778021
79085077738
79670410014
79134785777
79165309315
79033041950
79050202757
79003173583
79096297076
79246610017
79098118643
79514964118
79116695106
79529421646
79771993267
79242075030
79098141554
79375663952
79198871087
79871278888
79112346299
79139876155
79250304115
79138912133
79287091248
79506895344
79628200044
79161702976
79137183798
79503223500
79063312233
79501603012
79516847448
79381488250
79130868281
79504426735
79023130393
79038135495
79242090227
79082534278
79856911359
79261639122
79186961246
79268268510
79036555049
79625821076
79064350061
79262204505
79053875546
79059872612
79141607578
79832472125
79243336501
79205663506
79084823832
79969641085
79100989525
79504699335
79126948406
79186262795
79113682903
79279286351
79990585129
79773396693
79212830284
79189177500
79600720310
79231185784
79222209136
79245136311
79850559081
79147884768
79154249511
79263331380
79064239991
79221468805
79780928971
79656089328
79055471719
79213056056
79506463193
79163280489
79169955626
79111497764
79620045040
79505821449
79841416986
79853164120
79095027601
79163539471
79085008653
79038209705
79892757284
79969283975
79036848637
79060324362
79161733342
79036096952
79037854444
79025249626
79112599123
79186481011
79065550323
79213375736
79086001095
79236517230
79086692077
79067814388
79168024875
79157631597
79522626239
79503333188
79515528710
79204020712
79622869868
79601692039
79213797269
79217965680
79514454093
79066800106
79233971682
79084940376
79867224082
79265619761
79059126815
79298588886
79257226997
79818511186
79152486393
79037201387
79146045116
79270328379
79312036179
79139872599
79631657034
79139881802
79180247590
79533624540
79153537948
79521805600
79160024879
79614938101
79173153238
79066383628
79174015877
79057245319
79628988525
79103065566
79145172718
79168603580
79034033572
79280683119
79603246126
79094091078
79152940007
79371203335
79217452798
79940006686
79133496608
79199695655
79038932212
79166255960
79683882263
79169797325
79062690750
79407708897
79259853303
79152772150
79029220310
79153373739
79222112174
79060514143
79995634154
79506119885
79385274850
79138807992
79051534680
79528800350
79234027499
79052063355
79159940863
79778636923
79067793158
79244328782
79105364230
79248758250
79627906467
79184864937
79052159755
79080789874
79644262016
79050085680
79067893975
79525405573
79041735731
79196722379
79818032924
79142059931
79161304654
79897249346
79091618461
79852179655
79090020977
79185353844
79602460822
79996148779
79146217052
79217751396
79208263476
79998189769
79529998713
79085500298
79508058072
79616932507
79182398523
79281116044
79536293602
79060681566
79626631766
79177015335
79870162341
79264537756
79141950043
79622839855
79237177528
79111747049
79128987648
79128366032
79528804500
79219564567
79131669292
79832700982
79067636902
79029401324
79261017550
79191418266
79064626867
79774559366
79050306464
79065795868
79247928958
79270497003
79130698626
79126743176
79267224866
79152265589
79874190244
79776763530
79823447427
79111135130
79887017545
79206096799
79141901808
79671726127
79140952124
79275192500
79200462327
79037089792
79221203108
79004868112
79518403850
79919312252
79061166353
79537423306
79122318180
79613092066
79653791625
79501041126
79275969799
79137751817
79998386715
79836201455
79990272366
79151243482
79082100600
79631866965
79851313155
79139852346
79610647595
79511846090
79234131201
79252557329
79526814898
79639077585
79529102000
79067503618
79122284777
79629993178
79206319269
79165057383
79040807579
79081020476
79115871416
79189641822
79219476575
79661130859
79622855728
79103029309
79633595054
79112643432
79614803056
79118687776
79184108070
79771665911
79143916680
79872908655
79063084107
79911155604
79122446431
79671170892
79242832993
79219876342
79156777632
79819842847
79126322504
79611200650
79322528624
79031893506
79397424838
79122056530
79136663678
79263388802
79057187426
79771989002
79152808228
79088337993
79963297824
79533785229
79231811111
79998449038
79081466497
79887620713
79829244803
79952209244
79681311181
79166121602
79054082998
79016912714
79962182330
79206319460
79165281722
79024811083
79273780783
79069807348
79530529821
79167070715
79058108475
79166092129
79049850341
79144683429
79990965896
79261424807
79083105606
79166969947
79110848963
79631070733
79819667691
79533726737
79136022119
79213039595
79517726237
79373099176
79089275928
79139039805
79025422660
79181528786
79282171120
79378008896
79856007815
79872737670
79151559115
79500105305
79257804076
79653179155
79085044465
79182892416
79210735673
79676150566
79206355386
79606012184
79651562996
79117041472
79513677830
79045378029
79536773253
79025468414
79130044142
79231018757
79247632599
79040935329
79654662858
79215772343
79112152776
79881524109
79161740835
79898117476
79107073937
79110201171
79670836976
79221476454
79680806831
79885043872
79190334692
79026821379
79964178786
79883863862
79198833706
79140874575
79066242277
79266335953
79642470518
79254621562
79260114167
79094024890
79162069181
79262451946
79397368950
79180385340
79047619214
79134992810
79371825607
79127577415
79922081519
79514603730
79506100055
79393337649
79069071459
79191761593
79619387501
79031432244
79221286409
79516094161
79528873826
79002535894
79262859855
79069407607
79061496556
79854629714
79153665622
79141603575
79604464488
79180337931
79280426706
79964235212
79877942191
79637806003
79021475874
79877005280
79262254681
79003688268
79166708613
79534642200
79275538373
79112284334
79032863344
79120811955
79156204590
79168022822
79189592740
79098802847
79117997297
79897228833
79604528491
79151939672
79021812199
79039033595
79116612896
79645547051
79037276081
79217414084
79097531003
79282012808
79131507866
79832500707
79640063117
79085068260
79501116033
79657108824
79964412991
79525833599
79207990049
79198710875
79539118407
79126620085
79149657854
79625442600
79242529343
79189931960
79040491113
79872974173
79098055000
79136064411
79063345663
79605922592
79608580648
79139186534
79527292923
79250952433
79167784896
79610208720
79006079010
79175443780
79167447365
79883461451
79608804976
79528730791
79186257785
79188806030
79536867748
79059531242
79039702554
79119435902
79161451735
79162952367
79264563799
79202139549
79638021865
79994101000
79818877666
79885211890
79221171187
79198930807
79655084551
79500626787
79829810679
79221791676
79262378800
79204002120
79107075595
79827698583
79149822551
79528900471
79115025491
79657098272
79518544647
79219457338
79628488282
79151978213
79193258111
79037823564
79220571904
79033532965
79817067443
79116636943
79267659902
79295445482
79231737547
79063022506
79031812306
79526084194
79997420258
79065911453
79186446567
79149626263
79269335116
79139775882
79281916210
79028056585
79116016819
79872374513
79618908035
79881608898
79163214934
79043348274
79043235249
79132328696
79043826125
79169052923
79015995568
79166409793
79535254809
79293229784
79216285898
79001294980
79180282083
79172814430
79965894225
79209272978
79011101940
79213300880
79055241044
79539560788
79604844902
79144910184
79533180198
79130276779
79627986654
79160731399
79183552359
79044479911
79624498519
79157487063
79179475592
79168585118
79538584578
79247699986
79604477505
79632857178
79135060685
79814048610
79885761166
79502776448
79165559562
79161767013
79530057055
79883880319
79611605395
79650040172
79052139092
79145870123
79898330369
79307477536
79533738101
79144215000
79674739218
79119470290
79208864394
79038141448
79266726688
79534796263
79138182306
79178073793
79610567742
79127598709
79771971936
79098849443
79851323671
79164516714
79246162843
79132578096
79151077832
79512958830
79003184559
79653200747
79193919101
79061397097
79241185683
79684005789
79831794649
79409922815
79236304493
79260982555
79270878187
79263682938
79686355810
79123709383
79224345711
79296087885
79168211900
79626700688
79164810190
79533479528
79138056670
79118243648
79263783112
79507695785
79615203524
79094099063
79172029577
79172612775
79038450034
79178734421
79265332501
79226759436
79601020748
79063800077
79081932501
79502911559
79624131358
79236238175
79153399291
79149341945
79191774042
79513473296
79139707048
79191488012
79538197289
79059314456
79153986552
79039076812
79041129052
79147266666
79145499629
79093971035
79299919187
79242182628
79165547123
79627081403
79042970409
79137158492
79645361155
79284444900
79510389967
79184560303
79262630526
79297461655
79179578587
79234099769
79184123007
79817771741
79177681792
79219587280
79692912182
79021737914
79882684453
79169231759
79082871833
79163461981
79872317746
79138912773
79234907895
79881173931
79039488250
79539415125
79098155877
79081651169
79773105451
79138906933
79530447189
79283596610
79020689146
79263157934
79961050032
79628185484
79101826596
79207985942
79381665858
79049940214
79099938253
79141841999
79216307587
79213699193
79039552843
79616715510
79778067247
79623392481
79898069595
79850558586
79004563719
79267632991
79214834014
79537902856
79062865426
79869173929
79208849435
79049903651
79775141718
79509630022
79260411425
79841180723
79788209126
79046792910
79286115484
79151445911
79096608000
79025616165
79286663862
79081443177
79057136698
79166325661
79241339244
79187871688
79265637026
79136696120
79875815958
79991550080
79875567394
79003269907
79161354544
79535135613
79281353647
79107384444
79032545567
79177481913
79098643354
79047584109
79613320626
79216218583
79189108298
79530983586
79264288895
79021569168
79150837476
79206901378
79136379994
79263216721
79510726176
79221739428
79514877424
79129430623
79003218285
79180103381
79083154345
79217505132
79094171757
79136860451
79109096665
79069810398
79059868080
79049358425
79779468495
79290323997
79050294950
79049020542
79282209590
79097670008
79186373835
79009025838
79274467840
79221451239
79290776751
79097606876
79130884240
79262766945
79180421469
79017070487
79851196983
79000104655
79803387730
79879885604
79096233645
79037264360
79772708808
79127013460
79515776381
79245849931
79131660157
79060833127
79265311210
79186219091
79153123682
79219198097
79670228435
79253450406
79612250564
79283363128
79660827029
79266456662
79162459584
79244469699
79263030915
79113795765
79049023686
79851001642
79158902632
79532462216
79093865616
79109021847
79508671581
79113120017
79208426735
79181322287
79212956467
79292757057
79614406738
79213473327
79274077747
79172111629
79234091008
79031044988
79168484233
79773408201
79186506564
79028522092
79245223769
79534264905
79168302715
79877826800
79856919865
79151872470
79002557057
79203846443
79032313535
79777465693
79513911882
79622857730
79179384810
79627992379
79062475747
79169548575
79158299929
79883168924
79104309398
79288190194
79663849644
79112130540
79219725948
79231010982
79532551044
79184689336
79172736960
79167739314
79529102570
79084447430
79274923653
79771978785
79539045370
79525391479
79613767744
79029780292
79507813058
79281918669
79213035683
79280344111
79241653298
79135224383
79118921232
79775933893
79042281239
79288482637
79037084580
79228410973
79144506917
79272592922
79088003370
79112149969
79146495657
79161784549
79859996246
79136263248
79033514529
79048229090
79089249566
79620080076
79966171986
79160228921
79264034325
79506546942
79281948262
79147617231
79308988985
79132878202
79033982139
79930130368
79028735255
79236303205
79505675211
79831221595
79139571618
79096931777
79057449111
79104498996
79213727046
79112723867
79226672413
79067928217
79529023893
79631185139
79281986218
79043880807
79771982646
79216552639
79522914991
79376551643
79181025253
79268901466
79623630024
79172478707
79672649052
79137638101
79210995924
79964133958
79529082829
79036291140
79618060556
79284340686
79055812932
79885016560
79167756256
79867640817
79043255104
79609733036
79515745344
79657274827
79170360017
79049905570
79011231890
79882804287
79090038518
79036242384
79196632721
79049962536
79622941920
79145524646
79996197283
79776145437
79282015000
79233168903
79373337718
79661677840
79129498120
79218695557
79151824267
79264287194
79151984924
79043857531
79615772965
79033439200
79037232587
79778080859
79626582383
79288382482
79096567434
79205955045
79966296652
79061505862
79101129348
79608155800
79163320039
79177129833
79083145549
79122656593
79173745572
79031864969
79898109330
79516460120
79963809409
79168410695
79257829254
79064681995
79057290340
79163361747
79829827773
79613673208
79053858883
79667668881
79501934663
79164941025
79871315291
79033757340
79010066384
79022717567
79080165289
79131264905
79106640814
79182747341
79029925579
79831752309
79200838711
79184662702
79033421884
79772598683
79691397627
79283007113
79021611933
79530556002
79205179301
79040710371
79234155477
79635760941
79145474847
79684331112
79106771898
79295888020
79173981800
79040060468
79991671821
79152273706
79275061021
79061738559
79312788910
79112454168
79297914666
79059074173
79088272332
79164159406
79964133420
79870186167
79261350723
79232385032
79923372101
79282160590
79528624211
79117836913
79833237555
79054165135
79137880619
79885009533
79633474683
79048288875
79501528259
79190570735
79184765611
79028788088
79161313779
79257817763
79211562500
79531388570
79600388363
79040209530
79050501090
79775430445
79094334339
79263952182
79068521393
79120439942
79142993248
79650501787
79672932507
79069199024
79516182518
79875820658
79166372617
79107269558
79028792063
79779660915
79165222423
79113699243
79153049007
79017375003
79151757013
79216453345
79241284520
79898095471
79081193925
79134854571
79134434579
79027587905
79233399582
79107762059
79841255313
79602870805
79628179897
79047609491
79897173479
79236782025
79528641800
79602198357
79834134782
79381057977
79089298609
79168755625
79119592380
79110386430
79188218547
79818517001
79152552277
79803726315
79263795211
79031004740
79879415919
79117888765
79106742852
79280069202
79308077771
79301765451
79145427417
79222919317
79312324935
79273191677
79215915996
79683726908
79047561605
79183266461
79031352764
79280993005
79278735079
79214492989
79281221201
79870694567
79116036443
79081103394
79069329884
79049658163
79203055874
79184748886
79183553167
79136544699
79539749337
79127949638
79297479551
79242573750
79507698778
79127442328
79030597555
79198354694
79261483950
79854900787
79850230355
79052554438
79518072035
79169101346
79643347615
79193451464
79149752961
79032592057
79048905322
79062610982
79260629479
79898111883
79651018001
79089133704
79095158453
79097948218
79056941932
79040950775
79057521239
79526650009
79090659969
79651491716
79172225490
79537908832
79131073350
79258882536
79014520343
79503488800
79139022020
79831853257
79147573856
79111031435
79267330605
79145465388
79094348415
79772685414
79057801070
79261927846
79098725264
79216496211
79141381514
79094113632
79629857661
79111583986
79226350202
79964159450
79102870013
79221748893
79145835602
79122220474
79605275142
79536106308
79192276568
79137356728
79039341970
79523090616
79137767830
79538211882
79122817158
79625742009
79857653389
79516515252
79886383850
79038000681
79871450000
79885175061
79656082622
79195392200
79112784910
79643903758
79374139873
79183216785
79098559557
79189463783
79268708171
79102791037
79109255951
79095295092
79059876180
79144262925
79127956985
79885479574
79052803073
79528707686
79818575707
79998426889
79158590192
79279969950
79164050064
79046417290
79529642545
79518198702
79248906376
79139735717
79131441246
79207494594
79374917111
79930170595
79135859372
79659767742
79532837652
79172840556
79992246913
79135321600
79119334256
79005178324
79066274805
79996123906
79859847775
79525715683
79111595386
79853450385
79134979317
79093466715
79531486357
79288161087
79069474100
79110858798
79161274659
79248447782
79996330220
79039690909
79600883256
79243105444
79045345129
79114542838
79506630763
79188630034
79110451550
79250367836
79138848659
79024803486
79044433660
79269009260
79310016174
79996160659
79536299351
79174022693
79038611822
79147251605
79136116245
79261541677
79043235166
79111773906
79269568152
79213888638
79184714037
79963942812
79803783027
79135005737
79622590893
79166012484
79533173870
79387773926
79123279502
79186538354
79064253428
79281496767
79016911515
79044446287
79507343220
79993715451
79167200895
79512555065
79620095579
79038680104
79538542879
79139255166
79173837654
79671294774
79522656583
79093758866
79661899066
79515709941
79134582009
79505870100
79992324530
79056389303
79313177334
79650046758
79638334463
79522991930
79264844902
79128245763
79164492888
79085710904
79054634708
79241656520
79175807546
79039675785
79210384590
79030798688
79507023711
79209422495
79095018906
79853685822
79529723694
79213745515
79271945537
79312972717
79055815648
79219741702
79876989361
79999874684
79131183474
79035978558
79037299741
79206614368
79118494623
79190078670
79038960867
79823688224
79012054216
79064548693
79062019286
79524373946
79214529404
79517792015
79023626499
79055345528
79004926914
79229020501
79005150726
79096753505
79520301168
79992080873
79505452880
79221999554
79281895917
79038400813
79044392510
79037229189
79210359077
79094305268
79089008720
79036145698
79113034953
79118271624
79111894800
79044564891
79169997785
79673004297
79217637114
79532356357
79644340274
79851456214
79510086789
79031511986
79029326359
79605382124
79999643177
79125373149
79032891393
79774082739
79821455693
79261000746
79887740135
79528810502
79500000495
79003140405
79506332213
79045495809
79626223353
79162155141
79898223284
79005915215
79045775094
79048483421
79213258988
79090969536
79186670154
79295244885
79991622586
79089253556
79122461625
79511768864
79261801712
79852453671
79858598494
79131966701
79053917939
79512293965
79031351261
79157098790
79686761916
79527259419
79164575911
79220258825
79267372525
79032622659
79038124082
79039660923
79193141819
79043932149
79119495380
79215004838
79090542828
79146297719
79217179495
79157923282
79055505211
79158621115
79520380212
79089156773
79241027137
79300034907
79276300330
79222780098
79123370683
79043341923
79086388807
79089999084
79622223628
79145744736
79275102019
79221066420
79222151899
79126786991
79995297954
79884028222
79118505067
79181042850
79378726885
79994801296
79787982714
77764778767
79651382708
79140918471
79149620056
79852822808
79530422525
79146601272
79173031416
79294043046
79286046963
79044451475
79283203660
79055071917
79144032064
79624324193
79065597678
79086356437
79110237075
79113438085
79222924620
79089620406
79058370255
79516786926
79628550405
79281490789
79518156190
79031114969
79111758071
79242215090
79157267212
79085885698
79644317010
79880884310
79096066466
79037545600
79514925873
79096883713
79508556920
79026980838
79104626975
79081873092
79245926065
79999891292
79056228844
79995639605
79189954395
79191454200
79196127609
79148782032
79528844811
79147776520
79089060440
79126560454
79178026463
79126642525
79191262606
79509024224
79031160662
79502706870
79226193598
79995600751
79180069767
79518773111
79099017330
79265235650
79658911127
79067392762
79208815536
79203405822
79165738775
79532124228
79101480780
79043541469
79312322052
79685415604
79255026650
79526026809
79523888076
79261439337
79539245073
79221092260
79242018176
79153187222
79043419311
79046619315
79054588239
79280419903
79638973191
79299504232
79671283804
79275214848
79524300388
79502886896
79776083650
79148514668
79236736815
79217563262
79168392755
79689369948
79002806012
79614505004
79811686359
79080161269
79787300526
79529606141
79027618681
79045226396
79217737571
79374843462
79612218775
79201214755
79789550713
79166723318
79779808148
79213719351
79102949698
79065276446
79094096641
79086772261
79050005559
79969227623
79201213629
79261679870
79087964813
79526063734
79116826840
79133263399
79263990985
79158818136
79507668786
79202599438
79529523146
79081093343
79268603343
79898380349
79525908966
79113604124
79149059280
79268311500
79611288515
79263457381
79775191309
79032278279
79521369373
79885030690
79029421823
79119133667
79054832250
79615653564
79186424457
79194429931
79874746210
79535052446
79224818007
79889552570
79137700333
79887050007
79137583394
79169022886
79600612074
79219323087
79961227614
79991758355
79068728723
79252816020
79180913330
79045748119
79032352533
77071151546
79257104020
79656043091
79207409939
79237777773
79880937683
79035660428
79536255888
79205537021
79067006394
79109514741
79045741458
79266952013
79110370825
79381667571
79536215679
79069646994
79055702524
79258085957
79252702535
79153355383
79104055939
79990015989
79096465410
79506406648
79283222101
79262786922
79818755438
79226224351
79885351269
79031310485
79156191055
79108158302
79034404276
79053219488
79644424000
79208761294
79235617791
79139759660
79284725266
79777140324
79533981789
79246328469
79272529190
79510047004
79141751513
79136190676
79996332895
79038541078
79035113815
79043824788
79135026097
79278161551
79219300966
79243684796
79250316579
79106204386
79246167317
79601172749
79777480696
79167303995
79200687735
79104916272
79059660975
79087913659
79043237423
79164944853
79228505032
79166490551
79261258116
79054056099
79180268415
79168569601
79621547713
79509218745
79132723582
79536501020
79130815535
79145483774
79035643598
79616890749
79644657105
79223828619
79138292080
79174242116
79129851475
79196060915
79131676360
79201021145
79262244223
79857800152
79039975577
79164553165
79203028320
79274723777
79646522514
79211894694
79525590595
79267863678
79200350011
79139025972
79145204005
79614053429
79082689545
79039050049
79052662923
79181047736
79899922820
79037448489
79106756308
79069812283
79507529002
79922877184
79089123880
79235809273
79248795000
79940076237
79377006281
79881107190
79175293131
79187541939
79099356963
79601956094
79242494525
79146651958
79115006151
79051659215
79264156256
79522484220
79852207800
79629065403
79628212401
79145505530
79132079434
79112399219
79883209430
79028777644
79177700704
79371669272
79123253125
79268348519
79024947539
79145528891
79129234115
79235349010
79151369456
79183104137
79818630515
79081890870
79186065275
79067890446
79133240676
79152694782
79185866115
79196930633
79031966762
79108435607
79635885944
79155336640
79281918904
79091077239
79101873145
79009527136
79155801006
79161303124
79096058518
79140737133
79602288015
79818924436
79515181709
79890847157
79191502554
79116024484
79139312521
79245862481
79157117870
79141780318
79025571694
79052210144
79232131535
79166063024
79168887322
79146948151
79271705922
79162746514
79173623088
79029449320
79184492959
79005401390
79125475654
79084585680
79177920001
79057381102
79531873817
79859720016
79039721100
79649047888
79505868560
79285879971
79515359290
79021683512
79117223665
79001398433
79774749266
79181555051
79031210186
79270390571
79687328559
79285791135
79262042333
79381440254
79207001170
79064176401
79215274767
79626906777
79819546264
79041630855
79037614182
79233406182
79153008176
79096486930
79056316250
79062508021
79006443707
79266137280
79097666961
79502766225
79535104439
79096041020
79110547919
79817842898
79244012805
79373472078
79122557573
79627181226
79518238713
79532391671
79657700153
79147171708
79616918864
79772909020
79049816625
79218457868
79262225939
79196883219
79217547221
79284442443
79139132218
79038955191
79773417611
79822140002
79053560333
79039473305
79523184020
79045011165
79081816081
79237120276
79251945282
79110737090
79029510814
79142138612
79147780730
79089699042
79156392638
79636681180
79061404010
79082053601
79165082468
79105026328
79851890597
79140704451
79015217290
79522060490
79818769466
79237073188
79516778777
79537773813
79994678118
79517280280
79281352303
79221922003
79505636224
79996169116
77073279574
79057551129
79120500140
79833970246
79514990386
79522122316
79148128977
79236325232
79271815255
79689141684
79775433819
79260366205
79055748545
79202017100
79033476316
79502240953
79157416463
79212269685
79515350536
79645828687
79139195040
79168821218
79690611756
79167966821
79259424302
79265582134
79043753235
79689178805
79179179548
79060356314
79600453000
79536036095
79106167010
79051797680
79515486548
79671443983
79117510014
79161036610
79234866660
79780256703
79172993702
79818980515
79026215655
79284968301
79122779884
79779844393
79502866779
79606952494
79600671343
79515887540
79996078118
79375777500
79529847829
79630048740
79225767812
79261922768
79294360277
79104358058
79881180533
79255910398
79645057070
79835800147
79640024041
79265516464
79500308710
79089236897
79059349849
79266253483
79030043317
79520605339
79184334025
79777453595
79035702410
79141966852
79028726835
79167945397
79025402070
79054565270
79141965747
79818907096
79872387887
79324320130
79061045285
79899711922
79143948194
79110270454
79166527006
79283934036
79158972740
79081404624
79997191901
79513019828
79209236023
79875661301
79031590647
79531233543
79602614787
79209693192
79105113623
79884141210
79089038345
79242784012
79875110405
79998197911
79190607328
79899747796
79608532858
79855122080
79211210331
79036864040
79858557053
79122115904
79055295860
79603623458
79265661946
79057636781
79064673015
79158243242
79039269916
79278501137
79086326677
79100344545
79093850349
79534203200
79103763635
79247907578
79112073586
79099254662
79242426606
79167017216
79032220961
79883410148
79511113287
79264952409
79898868317
79505752909
79197226001
79151137023
79061755966
79875117494
79045747124
79222350845
79150026803
79600373864
79262749580
79857754122
79692888475
79040566653
79069593023
79172566027
79023117360
79141858919
79509041073
79637914435
79507628134
79165422511
79045192525
79997302245
79615865213
79056394449
79154599621
79826133500
79911909021
79226161313
79502090090
79637123411
79378347301
79209015573
79161727244
79220425689
79059871383
79774560721
79091409736
79526087463
79969347479
79020481713
79384228838
79819357773
79281345803
79069805973
79253141418
79161943781
79050897311
79126866210
79261482710
79283220500
79043721505
79161166514
79997235727
79028405500
79082492132
79182400579
79267806012
79198800642
79996483300
79600787790
79638066418
79082444973
79188549658
79538070633
79113664258
79167954114
79137687138
79060374713
79090032122
79112189934
79182667909
79635093311
79158685573
79999257689
79080003600
79114120963
79032501722
79272878731
79263789679
79878388616
79035810093
79119845919
79617615767
79063256858
79185449064
79031757470
79085110317
79046777600
79872244609
79523023841
79163346762
79147116633
79130431343
79111010105
79235214580
79261135646
79144687836
79118124721
79048287159
79218012868
79853193106
79241097901
79527688007
79057051442
79262187371
79160582255
79021349204
79047679265
79105232778
79677104445
79067707899
79112004198
79267671805
79152667665
79891306319
79994430228
79320923126
79025580882
79275514755
79153173080
79173975295
79128980404
79287654888
79036641615
79143078776
79217477343
79034674330
79178819527
79086626016
79034592942
79053600530
79270251449
79854574596
79286207670
79296177417
79515626780
79036627533
79153168657
79613143930
79031111460
79062365150
79205123701
79687058325
79670175094
79818813673
79833592325
79898050582
79999851498
79210737171
79831867450
79281830766
79777388451
79177972860
79061406640
79095038386
79178713265
79261840695
79039518847
79815523961
79531820270
79515913883
79132336251
79381475577
79089125232
79518244281
79629818133
79250751058
79037234248
79042040885
79204222522
79039032939
79247849795
79085461810
79285263135
79088614522
79181595719
79535008707
79247048036
79106111790
79069316444
79147847241
79213870566
79172083523
79057774666
79081570241
79098216589
79538089366
79167527596
79168559778
79046937454
79524422022
79003236775
79142358962
79009373783
79181252348
79042939545
79505674716
79038311968
79056232762
79625612747
79189536229
79026086489
79040732813
79992500779
79130889098
79882805206
79775739616
79187432878
79182004636
79883650847
79167660876
79261629661
79029924030
79162715410
79151104880
79514159175
79252363071
79042248501
79194254944
79660542533
79184492497
79181870870
79178750053
79207236863
79266577085
79805339082
79889910484
79120250017
79105260139
79274833154
79684698086
79525164572
79058696006
79298363115
79522131616
79505164651
79062131072
79274216645
79006773466
79646593692
79229124104
79261772390
79196091032
79043758333
77772831088
79222141419
79610724295
79122807930
79091548718
79154576833
79165787808
79112766465
79043613244
79281090833
79139015292
79081281034
79139205937
79639779563
79649981515
79126131118
79175308280
79999244517
79174909555
79064697087
79882896656
79965693082
79164031587
79184586843
79092257512
79222079979
79099887058
79091657799
79531868137
79663287928
79137436809
79776045442
79137169700
79094761698
79151914267
79631610695
79021979152
79378520201
79281321362
79104577800
79241076424
79083281377
79621548292
79024837013
79818784095
79616526611
79627444435
79089153153
79649435109
79057476758
79186744414
79168839417
79062934757
79234734904
79174056226
79268323554
79500482947
79182972602
79107681643
79180670074
79059292725
79169428177
79114893866
79221030210
79219225081
79056499004
79671490155
79020603527
79532309257
79280032660
79788495041
79168754891
79265359537
79536186303
79514908032
79188610682
79146720720
79086721424
79226198948
79509037405
79194728373
79643324141
79028792314
79184983682
79049929362
79659455560
79106172540
79050619449
79852411737
79182325584
79964020835
79000153792
79999861804
79281722106
79180130004
79619811301
79651143057
79803477365
79135237344
79892408151
79526306276
79858859795
79146412128
79287541162
79046494177
79114277811
79195385803
79167735014
79137535609
79167440133
79885421966
79101620257
79134908048
79507467348
79266646261
79536154803
79675974946
79192749438
79996338243
79086521289
79093975568
79046426777
79193778281
79147412915
79092009555
79537807085
79994622923
79510221624
79066254034
79087569930
79018015700
79212594139
79125286681
79097671039
79036454026
79113132707
79881308156
79040328362
79621508958
79119449655
79773716538
79057214179
79095462371
79504829590
79281565039
79610501232
79045184126
79227015529
79266952995
79870047555
79146971475
79039307393
79689724264
79152496329
79522542125
79858464637
79822190213
79085150777
79538735369
79524432069
79039933531
79049604442
79996350616
79817968576
79377772514
79021388431
79247263119
79606881332
79130979835
79144714559
79871101076
79520774753
79155694379
79198776687
79219551712
79089191612
79673499776
79229190706
79182639528
79040178362
79043363824
79208366357
79615243405
79252025742
79032396020
79025611033
79118563360
79030237495
79086430763
79502882002
79145793899
79253132524
79105838146
79378757459
79511808389
79281924119
79032689525
79833403093
79187465014
79516739509
79851111286
79126057856
79110995895
79219994920
79057009266
79124721792
79085068490
79130055400
79617320111
79065148905
79818286528
79266341099
79088396834
79141559402
79876241684
79234828795
79053677126
79279277766
79530679653
79059137445
79504351520
79174185090
79038767469
79585119798
79039672653
79057284004
79096431994
79185044700
79181485469
79527547396
79081964608
79172893800
79053201433
79037714486
79263001464
79043835263
79533737828
79240199747
79507781351
79183443984
79831212437
79539279114
79172445127
79272252880
79264982948
79258828656
79525596084
79000442035
79201817821
79184520365
79997864058
79172611280
79000512474
79292840887
79117440790
79064005645
79128876635
79272044115
79509578267
79531545077
79119962557
79139748605
79222979124
79241440711
79161601398
79097032267
79185167134
79139350639
79616799047
79533209730
79042018662
79067647404
79023527478
79525410218
79167312758
79102461915
79034470014
79514652825
79897719173
79063356249
79819412361
79169183705
79145804322
79208417935
79017917898
79994504318
79046132389
79160766618
79102478574
79231545294
79067525844
79150845932
79182767269
79051166843
79874883050
79281455420
79257101671
79283453024
79151332365
79133847616
79025795314
79217846043
79055649858
79181222909
79609011536
79132558228
79159789458
79049668510
79183378013
79629241900
79778319913
79124195756
79033137033
79139353942
79609306049
79536114958
79059929863
79960344299
79191196861
79171225185
79119966355
79213246014
79888343214
79064175245
79048960289
79214230855
79650032657
79235666232
79106714460
79671784177
79243403508
79153598813
79136783268
79061492376
79219957175
79212295402
79608012945
79145696357
79148990715
79885008411
79059349720
79039497061
79525318519
79099209211
79856848461
79057085354
79030320913
79208890367
79102777872
79037292861
79659394622
79184808485
79170722792
79523652204
79043488221
79207774220
79264625435
79995592887
79999746270
79184105158
79054554609
79130530127
79000922485
79876696122
79232894176
79147469505
79035838027
79241289836
79214410256
79068300990
79157138594
79290078282
79159979231
79163517650
79128432620
79200700678
79772516884
79174239532
79636546486
79876209636
79092613781
79027034085
79219054550
79619673484
79814690353
79169694906
79537702592
79110812636
79039609189
79502466813
79089790525
79081473167
79037187296
79028571213
79036879114
79507632138
79105386252
79213018813
79774253658
79112445178
79299116370
79017780021
79006009142
79890825232
79265566500
79062742733
79377298107
79819464916
79803010655
79652609311
79628688787
79111610704
79286207588
79275749201
79500220915
79122397947
79169697996
79269418066
79030129748
79610055018
79046102176
79851351049
79825043324
79384136386
79122674201
77052651115
79994691683
79652951313
79388852043
79081440629
79114526451
79996579605
79022616561
79005939595
79889998685
79041802420
79649448232
79067762552
79036912682
79522259334
79883534730
79888783828
79611127065
79026746186
79105137883
79628428480
79627180026
79241687367
79274810568
79182161076
79601309636
79134760899
79114192808
79787862175
79998528454
79126793356
79114161960
79145520308
79146554605
79046930096
79035906649
79375260778
79086429540
79050999742
79512724031
79514513928
79009324545
79036024481
79215600219
79604455595
79265983940
79024082040
79181155937
79266461393
79035587112
79324170932
79247734224
79062724267
79191184284
79145781339
79085541243
79037431252
79649372401
79132009221
79134128352
79269027785
79108017536
79191453697
79534829593
79533872833
79189033776
79027973407
79277523896
79626024700
79182186501
79609296269
79036637360
79507561807
79261418544
79620078227
79009621246
79148818715
79218868377
79094823334
79064413249
79217469135
79205438880
79036181189
79165971688
79515193387
79161278199
79110858138
79055371037
79263684108
79196901615
79060599661
79164595771
79295230646
79870977111
79166350180
79094409609
79092103627
79145481437
79017212085
79263355470
79141120604
79184479243
79617696566
79140787029
79517366626
79298452538
79035150541
79833245272
79298490429
79267609395
79116686434
79024818174
79005003282
79051813032
79608767577
79289021096
79389095743
79009256087
79671299201
79999879171
79219561146
79186997616
79089151795
79686422105
79281827606
79994667031
79042852663
79098865046
79114858366
79312262275
79676680298
79116042482
79049294413
79803688097
79128452952
79219826817
79872400108
79212909499
79202525702
79024859025
79162328513
79061478848
79167693203
79213843471
79930126152
79243924754
79042290995
79776303718
79505832420
79232492968
79165230559
79068229594
79272521269
79097500799
79131266023
79146949272
79872429896
79514867135
79531935276
79024841262
79883472219
79618462860
79157763382
79603585071
79538500446
79603316180
79189044221
79856970347
79508902442
79213404148
79775388520
79183856201
79995825849
79217482260
79287721578
79139666602
79226000011
79040593911
79885581718
79291799521
79181856661
79649644778
79065066816
79963494039
79252969441
79059035932
79508617980
79086398658
79059648030
79272708363
79104282004
79066200974
79032033473
79991557820
79500279043
79533695351
79257614800
79117417470
79081171300
79610207343
79289367450
79999814130
79826770498
79139085424
79656730161
79234892411
79110280015
79531852909
79686351918
79133333218
79244629920
79875705331
79132007070
79003700217
79898999302
79529520668
79518662906
79263349970
79806371549
79652563127
79818266033
79604436579
79241278066
79509816248
79856366018
79510503947
79052018021
79922960411
79234766677
79052634977
79040087286
79514936930
79139851929
79630052229
79515426557
79771948447
79969630933
79831391246
79065937086
79038790691
79069889313
79119963104
79611913866
79523009029
79029165543
79096558922
79067343436
79153888878
79217475550
79197606767
79036180508
79536561582
79281356720
79053489229
79827099088
79147594014
79043628921
79170465833
79204483581
79012898473
79308919913
79140423465
79645111429
79219672477
79370654292
79136170861
79099343111
79102631871
79604500928
79041795725
79279710111
79122335346
79519894979
79241940000
79859917638
79510606018
79689652951
79997846979
79166291746
79104929393
79086677937
79616687797
79149653501
79138695061
79997700120
79064791171
79301154007
79281683353
79828758070
79134309999
79047699766
79371544426
79681112090
79135125579
79174170213
79388639029
79137730640
79020514010
79217842027
79529225134
79312780450
79218885782
79993402797
79242031639
79150172497
79284662389
79505055013
79992026406
79083285582
79013875704
79177594723
79189096316
79037741963
79148032536
79616559665
79269795843
79000491513
79263186985
79867838736
79811290471
79163548431
79640045555
79098889878
79644647444
79520442701
79211356964
79037212914
79168597595
79250212211
79231065016
79279374552
79262100045
79160808051
79053187851
79119162674
79539601068
79283711575
79146519748
79266886886
79630092926
79052751018
79030178020
79586258035
79224737804
79816995562
79616077175
79181084771
79514895891
79258456788
79539703639
79140434272
79246759993
79779139223
79890817777
79043262656
79089481817
79067000472
79139093790
79274575501
79603518111
79222287176
79122022038
79258442395
79133769422
79656108241
79372734709
79011495087
79283390907
79304078566
79054362696
79161356737
79096500406
79026541280
79503101808
79530791153
79537588805
79375621990
79516155523
79832586109
79500116087
79505400470
79053718065
79501967241
79192471477
79186001748
79521552092
79534802470
79241496852
79060614065
79111864738
79032974838
79894502253
79184824438
79537924513
79020527061
79153187742
79377485505
79954273921
79219291743
79055107272
79000892040
79308282220
79043835333
79511493257
79507590844
79241811822
79829615391
79530902141
79150687734
79529369205
79164285500
79215851538
79303404098
79676180696
79169066740
79227830000
79177556178
79263456033
79213683415
79031408770
79132308296
79872649535
79284337091
79181123755
79501020596
79157842227
79180007630
79113702005
79100196577
79514950747
79111907584
79137246217
79042994477
79619294989
79994313767
79028794929
79030184897
79209874849
79005920466
79228750625
79160785540
79857238468
79237116430
79241100522
79272672027
79502715994
79192208418
79081032411
79107737661
79005367798
79534377697
79183786904
79376188433
79221511800
79885270068
79122224510
79294053395
79613022168
79045159101
79281712662
79199141972
79231995559
79819675741
79031363252
79281430389
79999874737
79606704950
79032804767
79842910479
79241060006
79645620515
79087985130
79222970887
79650805982
79165924032
79060905635
79184882290
79143111319
79069792569
79187871213
79841289462
79091371662
79139345945
79537270334
79118563166
79118023635
79169455929
79242235998
79613230107
79033703625
79036148982
79872361054
79124515100
79042723393
79014146195
79262032875
79054276553
79105204848
79600597381
79998774321
79833863748
79166214157
79207437800
79881498198
79163113993
79697786537
79219538099
79227748060
79009582217
79207315997
79180544813
79174920400
79216458154
79772995708
79174860688
79776744836
79231347156
79123414640
79177516133
79778305249
79145830707
79160380207
79242597713
79282366220
79514277988
79284331427
79160905125
79251552040
79811560769
79536569879
79047770742
79163320274
79031175505
79022854364
79502050739
79807100251
79615233700
79087807604
79227275514
79032427188
79045285254
79604906833
79889267707
79152995673
79650792809
79376181158
79242277201
79507942880
79609558680
79019981563
79172952896
79053900092
79044020142
79100000815
79609311915
79537163156
79265348654
79143803297
79235276205
79955523321
79228846635
79854723419
79266078076
79119033650
79274066850
79274383999
79134635360
79136300437
79058491357
79885551104
79622733999
79121355851
79996465970
79236018219
79852886729
79535317118
79080154325
79126477353
79261408371
79674622343
79035412084
79120078045
79319695545
79057347614
79515841915
79082118060
79114378676
79274634561
79852893285
79169500460
79053710975
79046515562
79053604359
79190864971
79212893175
79633595544
79876279635
79137772147
79242262644
79249456277
79234437773
79501383844
79189908740
79174598987
79153315332
79089631883
79161435748
79236907825
79170332138
79162124115
79096939130
79165968808
79162213490
79646911029
79188837662
79026317803
79287268111
79055154344
79884601998
79964821066
79824721335
79528066160
79051674038
79097603115
79265245168
79998176029
79217567889
79603117781
79814524380
79996026991
79229954706
79092960975
79264067574
79180209798
79101913606
79037733836
79089001406
79520353157
79059448460
79174548725
79028596649
79896301347
79175748779
79272403156
79144283355
79537488335
79528013139
79507651927
79132767115
79262494802
79174528030
79096037545
79175125999
79161508803
79537466455
79196029708
79270851806
79164924135
79097666007
79194099138
79134545371
79193830773
79537557362
79833842926
79201408772
79505425845
79122807362
79081169720
79827345328
79642369756
79122153225
79524919726
79057661783
79159825568
79377352570
79308700037
79037237332
79110355236
79650070869
79525088945
79268572227
79289643304
79177192687
79134052356
79018222267
79027254483
79504155581
79180707277
79963052913
79143135880
79031503420
79248204780
79252740818
79118493714
79149721367
79043366691
79963956757
79039803362
79153174533
79147063898
79088874569
79043508030
79296304292
79221749024
79147310770
79244471536
79376504181
79521182621
79085909049
79811799392
79031862909
79115028580
79824461706
79528904783
79162336774
79013490510
79112350177
79537025557
79089124730
79531012658
79024445177
79873628594
79645283974
79005657323
79063880371
79139509979
79145959652
79999857708
79620338504
79126545602
79055203759
79092694470
79167208176
79625556666
79028705133
79173078609
79502714764
79049460782
79158857436
79680740540
79272051995
79851720552
79880820292
79518378648
79257106818
79856008017
79898233720
79149565022
79528577214
79897014414
79172919693
79183161290
79049928762
79206529933
79872529895
79265501765
79039353615
79530571198
79923401440
79181146283
79512161976
79043281299
79031487280
79216376246
79069162004
79045356077
79627591262
79265144756
79057627697
79657763705
79032218209
79110226118
79152200564
79106822333
79995864988
79059379016
79053144260
79275326574
79150136011
79615686357
79515575844
79017108762
79105674197
79122214938
79194246397
79043438813
79103086801
79851456877
79172865523
79776763273
79222027603
79145423525
79646158472
79127730970
79020685935
79530896563
79119520972
79029199880
79098942816
79119686245
79040168046
79274472751
79507500603
79209385669
79206871604
79166960870
79841488231
79892651375
79889944783
79173484026
79534975537
79082120870
79193830818
79114287184
79996134177
79099965178
79169906483
79539984840
79991575046
79267235502
79054821978
79137522411
79049610166
79000881219
79186914653
79088954315
79911169891
79025453999
79644503300
79059603260
79228702869
79117408771
79173919073
79662842900
79040818758
79044404260
79246247162
79265270597
79058540346
79897150748
79502805147
79221448943
79282759355
79622870088
79821642212
79892104486
79085015865
79687689632
79094162800
79994696671
79654174388
79829040307
79502533453
79507710989
79184171230
79965433057
79040340084
79254173750
79859680692
79040044744
79604773515
79528940226
79137919051
79188838202
79063250585
79099515966
79181558234
79104912585
79898089136
79634976651
79168501985
79035989347
79612354847
79257022430
79181678521
79881587495
79522802109
79219309278
79091534096
79168089246
79295444117
79191811359
79288564070
79654601503
79262531447
79061100919
79229566238
79184082680
79505447744
79151632164
79283090309
79023115603
79036148883
79174025374
79859363883
79142076401
79085184210
79041701873
79043727050
79126010202
79531416085
79169416583
79150906356
79046707423
79534206029
79053934401
79687618992
79267263636
79515324772
79613335120
79513975276
79397825375
79029346588
79202830858
79237927704
79041074040
79088971342
79132759795
79966077976
79851342137
79032311442
79172791000
79616566678
79065210795
79534210029
79281942520
79112490434
79851346166
79060386906
79082091646
79807250653
79192539020
79853124675
79104453176
79515865081
79057131264
79631226532
79063321235
79010516012
79147551160
79621607008
79649919976
79610664834
79024041746
79169330086
79818728836
79187562707
