79041498845
79131110801
79539104539
79874079856
79084490967
79104489144
79654545039
79177744407
79619948048
79139851344
79223012023
79131210541
79187517446
79154678236
79158069493
79148807667
79509064651
79513941095
79289243534
79110117882
79047130721
79096750895
79628199981
79108814479
79378880402
79111929652
79192160984
79055311197
79538117080
79257721896
79099037700
79216345934
79222366039
79304115789
79803481481
79262232607
79031802412
79033422988
79930173941
79051780766
79044610105
79612383398
79531038850
79054618288
79872870718
79115006236
79177007940
79217472362
79633755005
79021630124
79670143525
79030129697
79205004532
79648392276
79182061125
79100907636
79098888918
79154610121
79605673478
79131129830
79205505236
79057333698
79080011391
79211283244
79284120387
79122270165
79121861297
79531969339
79130124374
79242332978
79137056001
79128735013
79267688588
79777088186
79832759040
79214638251
79027989285
79139110982
79771799722
79271414401
79041636084
79046397020
79339337502
79875372955
79086381736
79166263835
79163349975
79025719648
79613200768
79200130542
79243274937
79819588256
79283650371
79173813054
79312204547
79293691200
79147535007
79614056891
79067827400
79281832030
79119883651
79005414122
79182990509
79278994796
79093724682
79025051895
79135349014
79027581971
79602887053
79880628368
79192840851
79116642462
79515859068
79270808340
79043236307
79877009188
79150781367
79036557799
79119751827
79126195622
79636723918
79148566580
79244196389
79142763156
79260015016
79178023384
79219889825
79028399933
79393985603
79143433660
79536256735
79183233227
79507716299
79289167868
79041180664
79089107504
79050667829
79125180330
79219452255
79269008969
79247929255
79267550325
79509205011
79641227572
79641929822
79182957459
79309185351
79634880683
79286691671
79286222922
79031896036
79274147707
79281285894
79043391846
79126871830
79678639343
79263510758
79141510366
79151703038
79212818411
79612330318
79885311744
79116439628
79139399146
79523259455
79916301438
79223415511
79601812900
79264473797
79211757369
79883501944
79031262477
79213507073
79118659374
79219870130
79787571901
79393767494
79112453370
79089000649
79060576180
79841689722
79371273788
79154842360
79187439802
79020050825
79372354626
79086429120
79606324634
79266525349
79819608707
79137676728
79859862628
79145145340
79059800952
79924050688
79114013047
79118470832
79265234534
79131938719
79652500681
79243134041
79261937454
79964422634
79529456301
79287650059
79101182447
79041028432
79998428075
79537630199
79147963256
79513776613
79270719797
79243394904
79058221316
79298198600
79298375929
79219855063
79002820822
79196963883
79523676837
79064308493
79270678153
79376641003
79283454506
79152312617
79502229222
79854228612
79114303131
79208457849
79997103655
79876040055
79258851400
79048712405
79226097611
79005920211
79185300877
79206949230
79045189702
79085407437
79996866088
79169779916
79043323037
79083117570
79622768057
79186262015
79182639127
79055621861
79237503049
79877534549
79118439354
79057773624
79036504669
79645511121
79164170527
79216906839
79532381188
79033588933
79771584705
79242003878
79969407468
79506666958
79313372177
79205854204
79141359240
79284751555
79887121936
79322307880
79104743154
79185151107
79180741293
79191583867
79381022225
79283420896
79774236519
79065708007
79315819020
79193033060
79063194675
79112643573
79992026091
79020749715
79529607808
79371506751
79676517056
79203779199
79185855107
79104883736
79502948783
79635011142
79042599357
79817580270
79130623651
79676639777
79256350475
79267901995
79886712082
79373577013
79022131775
79272573658
79377336441
79120177604
79246037409
79657077400
79654164979
79147708083
79088384025
79871393609
79615812923
79195018322
79172789092
79278092398
79502774998
79126709442
79529117887
79280744222
79539312312
79234707323
79089924115
79260311807
79644325511
79029119634
79671777741
79043072789
79159894564
79273223660
79059580998
79256360191
79815054484
79617503996
79168404491
79219295334
79242826595
79101681145
79132697672
79197731421
79144196289
79143165243
79892460863
79148180446
79852024338
79288110374
79032794030
79527267074
79174774519
79624854309
79048520729
79032985910
79218967224
79206077899
79539721644
79273444476
79824564318
79062427729
79173045923
79638467000
79133051697
79020677823
79107669484
79034057891
79034318444
79029025513
79153192291
79139992920
79039070555
79052945216
79081882154
79189781781
79512634933
79183456703
79523915953
79314149657
79885359661
79516399396
79505533444
79081869380
79525160857
79264249808
79519609411
79081304855
79648286945
79081319812
79675709852
79218023174
79610816883
79147362889
79174474557
79264114345
79612411572
79204981080
79271051741
79023873650
79152409604
79252561313
79169757936
79068774403
79688747388
79642728414
79533329673
79624247957
79780237277
79515845760
79333343884
79191110532
79227033320
79831287935
79022790326
79160980989
79014399569
79128547498
79200318981
79168595701
79995852334
79637710414
79996010309
79164153675
79103694947
79213694189
79037613505
79603545211
79997989758
79892693892
79827023934
79146140438
79276619244
79117859471
79173993156
79031594019
79086726934
79219569953
79190893867
79233103306
79826192599
79031084844
79211704417
79647421451
79524858767
79032644155
79266727925
79654216610
79022474994
79212165246
79501193196
79042107678
79024882702
79097678832
79600880634
79140972710
79297056590
79836208255
79963429915
79163957980
79172218897
79104437427
79180760490
79533269546
79045047396
79208680612
79677967771
79920214481
79308999910
79009339928
79610411818
79000161564
79322489656
79124774643
79034558721
79991679138
79774146929
79630439297
79217090356
79284734074
79288244595
79190691891
79771848255
79235313325
79081377677
79841922329
79293438846
79319640282
79095598618
79138469572
79635358030
79235653244
79617342958
79264932948
79146651485
79284257577
79530773737
79247149997
79140943397
79139863863
79608516637
79068049532
79141557950
79282737541
79045012103
79042105638
79089672575
79614244441
79620183970
79167098176
79876694591
79036260103
79532596314
79131472031
79835831973
79148523149
79538174746
79034506005
79600222996
79162280145
79161381872
79138178779
79370966359
79140725736
79124484902
79149619081
79960344634
79530583805
79507753654
79616921035
79132896144
79963944932
79684506605
79773410890
79615709681
79196321959
79637860672
79522808083
79055583799
79292225636
79283028930
79681934564
79881877535
79134758892
79112905855
79237611121
79147334979
79825525412
79124761299
79234687359
79522018327
79104469991
79513974235
79041193813
79504305833
79885299770
79035037212
79102089315
79997587176
79878655888
79158263691
79514808088
79237093025
79207060073
79104622600
79161196252
79057716432
79099343621
79871882434
79610407997
79276309840
79606752231
79381622662
79627234020
79223508092
79042206877
79101879590
79286196312
79528075838
79062264495
79888751704
79298366188
79211500546
79214185229
79175463580
79159747981
79027093433
79641666660
79175229182
79638675827
79639779613
79643288438
79774259938
79242267662
79043263732
79035174266
79199614244
79841190373
79261364411
79152266310
79166515556
79111203816
79111370734
79874893307
79528309290
79875840989
79246802403
79214164565
79243404109
79261402886
79997602089
79021916506
79139005672
79811545940
79393831204
79130038575
79258833625
79268413717
79119724983
79030517770
79602832890
79222019454
79267368256
79510603959
79625866025
79183008351
79261825888
79031704076
79109466866
79510212133
79219302615
79193087899
79520531818
79021325282
79204708670
79114964077
79257721651
79377980628
79126092220
79607332717
79021950099
79141751101
79273056880
79030851343
79510184653
79883911072
79183571150
79098676103
79629444809
79136080329
79898642759
79999630660
79818477738
79184144694
79081018542
79825425922
79965107102
79208814177
79129761876
79514477099
79779057009
79266268492
79520954919
79183859717
79671248790
79234275286
79991771881
79537064640
79062332984
79621999347
79003298266
79270079505
79892587768
79179574469
79656065506
79507728710
79172893585
79098240374
79064158600
79089464697
79298519088
79289560544
79269720797
79372833417
79618100786
79147570699
79102295942
79043379907
79050370027
79232824498
79253029640
79501958618
79534184611
79165320944
79118294309
79507561642
79522321122
79819869766
79617768006
79774731191
79307503555
79055353784
79536213773
79119341684
79375939562
79625007269
79670490856
79258875604
79031250222
79028754452
79179179484
79625150000
79267507331
79241226310
79094594405
79039189986
79060283583
79517347484
79874772909
79173542945
79521971544
79373713939
79501219286
79080024330
79287777570
79378411252
79214944099
79636904844
79185528484
79514024483
79027312647
79505784248
79290235194
79208986170
79256024417
79855256969
79282818766
79204227058
79158162773
79040453000
79087145889
79817136737
79181547451
79833854869
79659312667
79537418426
79965440076
79999094350
79154596269
79215876008
79509044290
79319703639
79884616132
79047650764
79619928880
79193851051
79237002323
79260613469
79227273715
79268404895
79650766800
79525392037
79898242918
79961842115
79231774707
79086355710
79184657281
79314137679
79961837843
79994306545
79054704148
79265210374
79624391377
79284613740
79155137262
79190048339
79219852940
79134581022
79153105439
79519393878
79874965002
79273008202
79515040928
79289664634
79114140400
79132471790
79831228320
79153063800
79132733637
79841521599
79872418676
79779419043
79324335556
79211371564
79213421127
79048675043
79521486848
79222696421
79038943357
79274623731
79017907137
79218981229
79523613787
79037269312
79649460780
79262544986
79288426880
79827175523
79219388845
79184984041
79841528793
79213476625
79025617223
79053639935
79034914447
79525489046
79137311432
79112123047
79094448030
79293936063
79242502556
79139535924
79219170785
79250914143
79066993710
79065041107
79046206876
79177225696
79034957337
79242292343
79531665344
79296497214
79176909898
79513236232
79152115121
79089284449
79219858777
79219740001
79263498860
79298175346
79963278087
79264669226
79035226540
79202939677
79236069030
79061785981
79511259806
79261709663
79959826506
79502608318
79141078550
79294073438
79689174402
79296829418
79113420669
79146206619
79292321199
79267179657
79227165251
79373422813
79825674085
79527325633
79381445241
79232717682
79533972276
79203107940
79821577971
79996490711
79537224217
79221234009
79525145242
79055952183
79525166144
79104475969
79057101063
79122428458
79183876320
79841956958
79628618723
79204873669
79518720759
79877455162
79091139510
79233190182
79130228489
79143240931
79889851885
79205339115
79851224095
79772507200
79788534855
79282951295
79006350428
79653560726
79189404878
79201488581
79152375671
79208324800
79236214052
79501107113
79053041010
79097179923
79774247721
79204751577
79219392849
79269828870
79108472761
79112500309
79689526565
79137467349
79504936793
79207547664
79612188944
79523558841
79196434745
79190162189
79174704793
79034930988
79772609664
79811038163
79994630019
79610022245
79182101986
79381588091
79166196345
79615129535
79620870918
79047161351
79045373264
79017099258
79532018386
79168523120
79518718382
79171636869
79180140055
79803058157
79603983866
79894942397
79117076147
79042533364
79876412815
79622975012
79216307943
79963805688
79885511074
79050674648
79288818611
79621117313
79043402366
79217549730
79779560052
79613300303
79167330235
79850481558
79676839804
79132042419
79231282881
79385204060
79226959014
79374963867
79045589467
79884900015
79039489539
79262468826
79502616647
79178394145
79513360202
79139027918
79043222991
79372698363
79501641305
79854494893
79525464934
79000607865
79688883594
79857150574
79265607714
79013486410
79530011760
79184478039
79272293313
79089176887
79152142706
79063985220
79104049889
79137827632
79995690725
79253808138
79247678111
79140921738
79608022857
79242295835
79184248222
79267825542
79189951622
79062252075
79998819665
79787929555
79117003600
79117541684
79520096155
79962059771
79608510021
79218880128
79677912301
79622042936
79527898798
79005338828
79186007004
79602780331
79515322047
79133206952
79782170275
79611216827
79133005098
79531467144
79063773919
79655880487
79997505668
79049619076
79167411330
79312656191
79169015114
79005829473
79043853663
79066695591
79119734047
79050234488
79114067873
79191017394
79211242748
79145552893
79117522643
79213075521
79678235308
79516048146
79997884879
79186749731
79138055869
79217523133
79884096269
79678204372
79960623960
79036887398
79174909703
79031331032
79199929945
79196112969
79171524736
79098792879
79135561583
79146775779
79996569419
79506010828
79522286533
79518937265
79787232950
79502900674
79046273710
79213127022
79053761764
79999218715
79211975874
79142615333
79134850620
79505669815
79157155978
79254554977
79681042007
79123678262
79149689602
79080459107
79194920414
79530311540
79083177734
79032039634
79086305149
79244646672
79822176177
79166914434
79286002272
79994513343
79618579568
79106322321
79142787116
79883209879
79190424265
79623565073
79236723122
79771263090
79151177717
79087972483
79044771154
79243783275
79090575559
79639347283
79817619220
79525024997
79685246902
79531582835
79150273140
79538677918
79622244486
79671381631
79515209122
79518564410
79268562236
79263911702
79146050805
79184666727
79109131294
79241497802
79513491856
79874831823
79911169754
79163394210
79039057855
79049918948
79163259926
79063324064
79081343661
79991995849
79142567853
79830005450
79500003686
79673473747
79805614562
79998152477
79039882636
79140606424
79279279093
79117459371
79507594225
79101585848
79892656918
79165463546
79082607048
79248721251
79222955463
79610823221
79991758928
79140943301
79067905723
79853828413
79643781111
79132715840
79955038344
79067286203
79127536473
79831092773
79004411904
79095078555
79154664506
79214081743
79228513646
79145410495
79105075842
79878631711
79031416222
79262113919
79635426979
79600583886
79831034267
79111779396
79233043440
79613622868
79089937498
79788579404
79624808636
79112191840
79215523459
79281068181
79504895788
79134572154
79279545888
79024807207
79151491240
79534337098
79222980619
79229663714
79372258394
79055861623
79328564993
79151243966
79085099503
79645256604
79119446121
79137004334
79124241478
79150898849
79000918688
79257047954
79600570496
79133887625
79374906500
79637847052
79995892954
79096543887
79186977709
79004570273
79533796927
79875331520
79064561824
79874232936
79164797877
79086164487
79533888776
79512433049
79162432981
79803394444
79205886622
79990870029
79091453111
79186458558
79307482850
79168854099
79174274823
79113045212
79507271925
79087873744
79536219654
79897615154
79002149453
79139509136
79370290272
79536129704
79147102380
79642888293
79609757481
79147905902
79271874981
79266313773
79212907049
79628588803
79048458673
79514274492
79779947421
79224181756
79172405894
79192231407
79121055314
79055845986
79611730918
79001980001
79969207228
79655233388
79034467737
79089451777
79137273680
79610510178
79870914503
79992402477
79218678118
79302885528
79261517783
79522996080
79014930201
79143745449
79204444615
79044003599
79041612914
79055180157
79200553955
79198045010
79136518856
79163819355
79602441702
79175875535
79054499777
79629212614
79131099362
79193787971
79131490696
79038746842
79530615295
79657433944
79869780090
79242377661
79643208473
79535064101
79636070163
79873346007
79916656502
79166526994
79041470771
79523224693
79184708231
79054088353
79219433124
79202704000
79660884066
79068030057
79607406276
79173999116
79206802959
79618198836
79994513283
79381337013
79381116106
79509481313
79279555170
79615146209
79055692129
79189660622
79325536561
79841454286
79081795722
79102100222
79102875699
79991342886
79539505299
79024433560
79819819291
79628574597
79896328526
79118249599
79539181517
79067703025
79051570860
79533459328
79160627206
79631223395
79831106713
79192142127
79883697133
79158535264
79181798007
79206810400
79242135908
79142695055
79202753488
79126469622
79884640307
79059014067
79600404914
79139914584
79677321312
79269390317
79995285106
79094692022
79201170766
79114028291
79852895833
79187597061
79852109243
79514130102
79117865167
79064299496
79120190629
79534606012
79624131602
79619784551
79278729459
79500010252
79280119309
79604674932
79081191183
79251854241
79101599192
79133731853
79001353586
79853538842
79031068730
79168843727
79145608678
79179888844
79088088499
79164531497
79288110140
79224633101
79044329999
79275757947
79265842068
79533849577
79320591850
79118128731
79161800405
79101606845
79062160010
79270203448
79112416099
79151421540
79521541964
79275278986
79027952144
79243421209
79670147681
79222926840
79181928860
79177757277
79099399885
79284741307
79779620690
79852761414
79242086167
79627879462
79159152629
79184402666
79994313113
79788164198
79261213611
79641322114
79000760380
79201454132
79213758449
79241448028
79065987656
79644778622
79151809460
79050782937
79068025093
79892362990
79122977256
79217900584
79775787108
79274419176
79293910711
79250081022
79050722580
79185405101
79614481515
79270056905
79381650677
79163372814
79141655177
79833227942
79164513501
79628613651
79869390951
79233073999
79042414134
79811875226
79067914602
79525746036
79610802695
79247241861
79217285177
79139990749
79147329564
79211739732
79035711327
79147072470
79180473800
79139239800
79610660955
79321173775
79506646337
79043449908
79032877685
79503101815
79174357339
79509043807
79209133690
79175032087
79040144164
79229494953
79521824864
79248537467
79236553488
79111147203
79616846062
79274587091
79023614257
79184080729
79195455685
79967613257
79604050088
79148515594
79272503232
79210730733
79370904787
79080623304
79044085354
79241170148
79521376136
79851204251
79997750445
79537770717
79293113773
79520393339
79149404923
79154704760
79139448696
79267510501
79265960599
79033081534
79251516464
79054716892
79255339092
79081029721
79806398015
79613212228
79025041570
79189657363
79185217883
79032188515
79131632414
79276380666
79036794084
79831729903
79510250008
79065279251
79104209161
79529548292
79619951379
79261898559
79146632206
79245905066
79261889287
79632235928
79219171322
79044139877
79537601822
79135038530
79297730556
79242437210
79778523119
79242922301
79535150739
79017895044
79222985559
79506583413
79637707489
79881656707
79836965041
79064079923
79885664152
79221560615
79028069793
79210738554
79173905964
79098040668
79509057776
79119239903
79092909546
79132538325
79660548470
79623250334
79776857069
79237065790
79646644003
79312566678
79385324425
79204663839
79913718878
79602726876
79093485707
79172541404
79254235558
79624488350
79069627200
79046246676
79930256857
79038791403
79193163831
79153672805
79149727678
79204174460
79819636971
79030942057
79063666909
79609720582
79098640000
79817728920
79616959973
79774114014
79040183614
79219921155
79537420860
79032353830
79617274287
79050096342
79184574656
79172056537
79116056284
79630632575
79098492588
79137046611
79107743298
79242222281
79602322133
79248834999
79267324928
79687643128
79234619843
79617707778
79139282713
79088668910
79819754572
79879698828
79037225159
79273797426
79143033967
79241008338
79681210179
79372929601
79109995551
79255940132
79055993145
79260469656
79046236332
79191654228
79819843041
79232172020
79505675308
79671357203
79100995007
79244135990
79514960314
79623216180
79034205142
79103213562
79531580411
79198744081
79228559905
79371311074
79195847641
79067867668
79261008621
79257692157
79841701976
79655034880
79246717464
79851107868
79169615475
79053102414
79133711000
79130030145
79268235952
79221787000
79152278336
79222106650
79140865376
79113746953
79787492185
79091596110
79106441455
79281536949
79603731114
79261482386
79275626528
79051091787
79141853743
79508508949
79189861300
79826116162
79005036404
79095136296
79507063109
79116042243
79891415333
79616538100
79616759777
79516461752
79136751343
79149195421
79131578309
79165850969
79992079236
79149149903
79099099040
79216466931
79141726866
79509594747
79089353215
79800457604
79057347887
79603315787
79163563707
79272951124
79502470681
79102917347
79198755366
79233328118
79604292291
79603321678
79233253894
79049420101
79281838538
79852675371
79676727800
79005382053
79058046600
79685309423
79500240144
79117391327
79105197822
79114064288
79035682555
79218679386
79243601688
79243683329
79261522006
79207840336
79296692696
79009444384
79241040665
79059725220
79024818205
79622228008
79625210515
79213366303
79536978722
79185320613
79137550606
79508066491
79139095979
79034986705
79260170405
79877488620
79648670769
79771752305
79851335518
79826973638
79519202259
79039069480
79875736195
79043902654
79282057789
79521147835
79625600826
79199633330
79299910071
79500044757
79215362627
79158187910
79509754003
79818145020
79141164586
79920035337
79164488440
79104661687
79244661633
79175831354
79667033444
79771965426
79824635652
79147100894
79021371655
79993001230
79143077274
79534957640
79223076054
79503220277
79025564929
79142910009
79516074384
79028751171
79093395678
79506163618
79146052072
79537668666
79655961076
79281348618
79284602709
79042724450
79682101730
79650275530
79160707175
79130761400
79169161204
79616643166
79963238635
79859123260
79771052049
79181418126
79147307670
79964122606
79525429005
79025296954
79111847211
79172355479
79272864622
79881696174
79040631915
79139437228
79092982966
79631986969
79179487903
79147321163
79513909119
79852126370
79105654570
79278886049
79111914582
79233690366
79994523282
79654754031
79869203433
79787310720
79196830560
79046274989
79213659976
79250757432
79232431907
79242038764
79142487571
79270001883
79500071708
79243193560
79995124067
79184184842
79122986025
79624560991
79050076811
79211887825
79221277707
79013630966
79217829832
79995626394
79131905936
79069411721
79512654957
79262874928
79002533541
79110951480
79186666828
79526522419
79185437734
79648813322
79177683466
79643669195
79194499167
79181060935
79617067761
79841195645
79148662188
79771929089
79638957857
79377501488
79207712387
79651912348
79111544437
79112159520
79158797462
79119330787
79211612428
79537722293
79165136775
79082959330
79043522796
79054591991
79039557585
79093677706
79881452553
79537646846
79301556011
79150597861
79054523616
79875849654
79613323677
79128652352
79011201568
79264399916
79310016916
79181919446
79652666088
79160362626
79642923526
79817478915
79517303210
79139038689
79201147070
79870078522
79047548389
79876550768
79045747271
79149778858
79507674791
79605325343
79637736943
79127174496
79999825591
79171084905
79104576381
79279448308
79961033778
79202757527
79817857145
79219410431
79507551015
79263803859
79152936531
79112854187
79069762155
79159845281
79142391000
79194591597
79214595778
79269134981
79628097577
79166793648
79040072361
79876905959
79166151705
79165619268
79125659330
79061090209
79028520676
79069072121
79269267666
79522220014
79276430614
79250064226
79500403593
79040553509
79990839038
79376220335
79648866708
79650452885
79889909838
79184105641
79213287295
79227180682
79055862669
79039955382
79131175716
79205927277
79141723278
79779164212
79149883500
79538031987
79515559483
79511009534
79059565571
79166933403
79125135222
79043341209
79261757692
79262662949
79508424557
79111445409
79999073585
79500357455
79532308919
79136803082
79188297725
79023953040
79024441326
79094925755
79963858895
79654753990
79215602030
79522359245
79289880101
79842974390
79182530766
79250497351
79508946166
79067204425
79857713721
79656465594
79296407712
79275038021
79110525657
79113283952
79138932017
79032196229
79600724272
79247648267
79221595666
79886670038
79029420011
79326194343
79663077373
79231741713
79778681320
79608867931
79184537700
79219572009
79204829854
79524895063
79513388171
79155895552
79511643514
79771728553
79099018131
79264142738
79856359909
79186630632
79381167758
79222061738
79606665546
79174424626
79508304024
79166965718
79241612585
79160397829
79208424227
79998440208
79658566345
79996161738
79196287469
79040598447
79232825999
79030573777
79179219898
79883425507
79254376007
79177086639
79826252429
79202695620
79831358009
79785653500
79686237290
79272781563
79148121346
79622782595
79112243249
79122872962
79673670770
79876153217
79199852070
79197498495
79245958003
79244780861
79381645554
79216492820
79044858132
79025598718
79242089296
79166795677
79147876672
79198866829
79502834896
79043370805
79136563679
79967888872
79964329300
79817184024
79535531288
79850980890
79037191993
79628887742
79661514467
79165191774
79615271229
79258493735
79192858365
79192933641
79615833286
79654203304
79990578752
79061244619
79057256933
79002213091
79612470094
79502284529
79034450163
79375097788
79154109580
79193810166
79252540477
79261736677
79129383890
79268474822
79050007686
79057259363
79514768960
79161155184
79094513960
79225956292
79255024891
79610361787
79827409149
79157368640
79202524774
79006063831
79524495199
79141126045
79375564195
79177470868
79104836960
79857978790
79229047685
79146149192
79303019587
79145739001
79092484929
79852855831
79122441188
79120323031
79273800950
79192942483
79081379682
79091285857
79059896066
79176561453
79263722953
79138209599
79851950029
79185897888
79115119698
79157667893
79152812505
79883528800
79515607494
79177709919
79535253996
79039753112
79118827053
79143914566
79779074013
79144056666
79231121137
79381043624
79244422176
79066977191
79143843676
79031449886
79115117787
79827007922
79039194500
79180649486
79788542334
79120341364
79158023557
79513547018
79512056738
79175105969
79513699764
79525885389
79523770320
79193395246
79122475558
79513008657
79219740344
79134450674
79106004455
79285022114
79021560543
79605241262
79608544034
79156719535
79654818518
79219281600
79112265426
79169978865
79177635249
79290030037
79107536326
79657893900
79185404562
79537768737
79142287883
79615730610
79371873753
79155317444
79512044646
79158041454
79027314736
79648939809
79383491250
79133662005
79002942061
79199444445
79196011928
79039456327
79064231133
79045952428
79260602441
79193177265
79180897623
79109222417
79519297191
79642101557
79200219271
79234693855
79534300530
79175130835
79537078089
79506463636
79622672125
79256186526
79037208490
79212473123
79044549968
79049483240
79126040098
79606899993
79117026379
79881459958
79629562810
79525136092
79112382442
79111930942
79021488230
79042737127
79111686302
79274208690
79244847425
79037603000
79225433304
79166131221
79104486028
79241399270
79510627708
79096731735
79511282242
79181617579
79173781444
79113591399
79165257100
79149525340
79148556160
79059809574
79140934061
79774099839
79146983618
79501127603
79507885387
79043739037
79082932683
79132358273
79600827030
79235244297
79253479068
79196965384
79286282262
79517122395
79139446463
79141974258
79898069088
79853463110
79086477015
79308948193
79647730546
79045554624
79505711309
79207200823
79101639161
79134822846
79828015351
79373651303
79234244086
79003189052
79094441822
79189766883
79525199288
79064605095
79054706127
79890392642
79194105530
79025390821
79621108786
79113205660
79114731783
79527259815
79144234247
79178812306
79227523939
79261303460
79054394470
79228362628
79269630161
79261260312
79034658471
79818917305
79534210144
79137567193
79146245456
79371218225
79600111331
79511691238
79254148533
79045896246
79095173424
79156251773
79870268859
79184899396
79219634885
79832577202
79130168965
79173756458
79000587440
79105740937
79088337948
79084725872
79875685225
79515919720
79049842619
79191738100
79531604839
79148529948
79872416971
79094487680
79185580798
79787422085
79604292425
79373708083
79000286077
79923488819
79021429514
79173478808
79180439998
79159869714
79009484984
79115702428
79217650658
79255296875
79164642202
79787012555
79611212443
79112001471
79219295573
79536693646
79115020034
79117451867
79041456878
79333103730
79507839149
79122758252
79920222245
79535927301
79141694040
79673498889
79872860644
79509197014
79275180778
79829861336
79275747510
79523604284
79373346920
79819138179
79085122522
79523659980
79045750187
79216207470
79999256591
79644130390
79268183656
79779976406
79261219871
79656555080
79141649668
79515447268
79535280632
79060664222
79030847646
79880631727
79234073734
79160417007
79231696802
79162044753
79217216580
79536070537
79530677334
79106647839
79043830241
79777843667
79609674672
79069842696
79029198075
79157465018
79600186056
79080755989
79960377953
79607494300
79219726105
79315367058
79043810114
79268151314
79058732911
79021886742
79122448067
79112565662
79506567179
79536209603
79274244251
79827562311
79515536937
79992606188
79214174255
79537803630
79602038183
79096728395
79122394907
79172305459
79121415603
79046286885
79876021193
79279374311
79126903586
79146640553
79287379677
79057303302
79065134723
79226679989
79536764321
79118380060
79878002789
79880934553
79113370218
79128320779
79092201338
79124760582
79087995025
79160655544
79611339223
79287212829
79276555636
79374370087
79996758407
79524262652
79649243260
79516779536
79204878001
79261430651
79646869999
79039502317
79680217820
79241906713
79502738756
79375525026
79191499259
79842953281
79531535361
79515221337
79832151796
79006275357
79818935795
79095364187
79027615032
79191280686
79992450226
79333255557
79806412921
79031797480
79506462515
79267333418
79117576928
79213320339
79535195096
79175334829
79525864603
79995259825
79628021660
79089198794
79045279954
79874944430
79621164406
79511389774
79212828150
79272855598
79629855423
79109480356
79286386395
79811289713
79872590511
79090950090
79651302946
79528999147
79991554191
79184987954
79537270815
79132590046
79281909345
79063109591
79183959939
79088065275
79099009842
79171825819
79688583548
79261498822
79298443331
79236439685
79196036490
79626723477
79518655768
79103928236
79041312112
79282900456
79508941169
79137743587
79051727995
79218645645
79083163421
79055855172
79034626043
79259118897
79319624654
79637856807
79236424546
79528475279
79172664958
79171520983
79535255785
79242000721
79235018332
79136795755
79536556559
79514757031
79090626061
79889956822
79140370728
79188805828
79209139107
79094938698
79065641561
79535250493
79167709301
79870647895
79534269250
79028158296
79891323356
79156238843
79261305594
79614983947
79644359170
79778048630
79276976537
79106889622
79150778137
79283653003
79998799862
79963293208
79178006510
79138475357
79523087477
79219811479
79118817779
79214119491
79016457348
79041006066
79029643634
79196207828
79166247829
79673320320
79275858300
79827137388
79222292213
79268142569
79179392626
79236529093
79283617257
79504002999
79209459277
79312878255
79505924684
79162113525
79881473654
79205867585
79379934143
79142001038
79877258817
79675957757
79162482681
79215431908
79655870405
79043326173
79787537999
79889211933
79068005498
79813013286
79260894652
79822213316
79262182422
79211513994
79034504536
79624420066
79841128491
79819911908
79817073914
79829029684
79146090369
79045867538
79602736172
79026737683
79164091122
79111252860
79242823188
79874047143
79656429479
79266619202
79649183993
79126948373
79265791740
79514683575
79158153031
79152404746
79113257712
79262530758
79333332943
79284405929
79184371576
79145999138
79374919581
79057484156
79185209413
79999805219
79267202292
79146120815
79168605552
79531463453
79262818779
79051556774
79912464704
79270645088
79505973160
79017075197
79261890793
79208458157
79638076227
79833860686
79061737294
79179108395
79143588061
79833472913
79107010049
79109603929
79605039938
79374827759
79619987914
79221874672
79041103291
79509294594
79006347776
79270318050
79137666683
79653020233
79064685983
79083210711
79080609465
79112294903
79235720218
79512491356
79530278065
79644192871
79113678040
79532312909
79537931067
79153007231
79202331198
79218555138
79122253653
79522118084
79533416265
79536125123
79650153512
79166104975
79090026499
79609846300
79887593655
79529361475
79147185603
79202883112
79378357730
79653589903
79138297314
79662601062
79117404170
79118930663
79609595968
79134806121
79134413734
79378129953
79237910601
79508405519
79149689120
79501335535
79025484632
79148869581
79085138051
79683535239
79263472604
79515775315
79662771856
79532512264
79522069436
79515735834
79052916239
79194035951
79180869054
79219461365
79524173565
79205544944
79999851043
79537549465
79168870082
79178808663
79777752046
79126987280
79898161022
79532743300
79650716136
79037246881
79135457121
79536972034
79620341118
79886045343
79522658303
79870723779
79166714763
79160800180
79000900909
79508743997
79098922980
79043786632
79172999749
79214479087
79067017314
79169203739
79967635579
79044475381
79039038570
79213547210
79854848290
79371397455
79167108815
79049888868
79773177948
79241960149
79882465287
79149316527
79518539236
79195599729
79271951701
79137553395
79040820542
79081122256
79096602907
79137735320
79185413635
79875797723
79651412848
79616501928
79218938495
79204889331
79111012445
79854704710
79141670346
79105221932
79233667376
79212262035
79283117265
79683601575
79531883770
79264160639
79193170138
79133157666
79187922772
79156863070
79211704053
79017989126
79527380098
79654571862
79221744579
79887216736
79033988728
79507932354
79673245655
79523609018
79222615410
79516096294
79250330333
79126674968
79177900838
79141057367
79194436199
79281430020
79144023035
79247692746
79164969627
79208356691
79067721488
79514753983
79113456305
79254444223
79251104077
79275223694
79105964220
79533660529
79507719737
79093936196
79110986705
79050708616
79132804347
79529143610
79538870394
79009258753
79898082296
79139614054
79252477066
79006549375
79211396930
79129074156
79228066522
79296732649
79653657212
79061124351
79772574982
79214026246
79040854508
79174454302
79185095757
79036163922
79150714430
79523539591
79065350009
79058955271
79262184424
79025091012
79118841097
79609968479
79872790715
79653963523
79516892732
79778818626
79782721696
79200113063
79777383842
79263662418
79274035747
79227644745
79234532573
79157441637
79134196921
79113410337
79521888532
79201696129
79608785923
79241342583
79869056024
79381039697
79168806525
79854487904
79221212812
79278058250
79207380860
79110982442
79372924973
79265326490
79022771259
79537528592
79095845007
79059543059
79871131319
79222915664
79621410178
79281922309
79113173548
79992207420
79822877805
79230202787
79150050888
79143940002
79521380833
79216422188
79588639201
79093934670
79037151032
79135941770
79241024281
79189464009
79521056902
79519908648
79519094077
79281186566
79505406156
79127655967
79377825145
79190401808
79202816473
79049927511
79221213126
79233057525
79535009073
79281034603
79678209480
79301811333
79021850035
79613555081
79997942488
79608780598
79502001736
79274432285
79064837758
79126774677
79130090220
79282295353
79872947427
79086835101
79069105737
79247159729
79228123693
79006548951
79150425861
79645712628
79094713327
79500169765
79503457363
79233909784
79241029979
79049882550
79061401447
79878176113
79139486035
79161448950
79160530095
79104620421
79085919316
79050787170
79183428145
79163221913
79172850929
79160408550
79817829553
79117734435
79093480479
79068335507
79022579588
79148226278
79137390041
79105301622
79647144480
79991897129
79093800797
79295532309
79628288605
79244043106
79787056921
79518189184
79889927268
79609066013
79533938289
79137369748
79779424677
79513116425
79522561187
79063485018
79174653562
79049752676
79514986672
79999897046
79059611695
79296680487
79179028941
79032412180
79167893352
79226692525
79887039088
79131495664
79825206557
79508629368
79131104105
79178600000
79081861606
79251113913
79293279080
79099904640
79037239087
79228834225
79167211988
79214350385
79254292612
79146090295
79130339090
79034370782
79098745435
79101184864
79170089682
79281727266
79141203042
79104196489
79878706974
79089082506
79280437238
79201729094
79105672336
79873577231
79246174600
79297046601
79825925334
79651564318
79089070719
79264735585
79510552145
79532483859
79045475434
79122269539
79164812306
79035160737
79081374417
79176500433
79275593203
79372203354
79779857139
79042013962
79049651499
79140350701
79133887213
79126829584
79245355283
79996781012
79922334406
79116104447
79676602035
79199600431
79179329591
79225948884
79991632504
79098242464
79153908427
79163458225
79043324554
79145912477
79146726435
79852436243
79883537000
79819432722
79024795637
79104438538
79777821756
79173348425
79043873953
79260731879
79121937313
79507752559
79236191400
79027620550
79184076981
79109157962
79011219628
79063341204
79261397235
79510125542
79034057711
79965115210
79182923855
79136100877
79610735261
79312424634
79288250402
79510551152
79187020548
79604685103
79033801244
79613719999
79093852681
79099320602
79273386678
79165402932
79773414358
79057270378
79667541160
79265928235
79634667303
79202183727
79038512323
79006581256
79124373272
79527735437
79082457782
79187766490
79518581797
79602352151
79025562453
79117823293
79606423606
79013300304
79063052372
79995678623
79527439976
79112110964
79134699938
79263686676
79096315588
79297577236
79251565512
79991231854
79062311770
79292518572
79163665338
79514698420
79189505587
79506952183
79660086852
79030720636
79288206097
79193788878
79237824245
79153271876
79874012053
79296150792
79940138212
79040058075
79517349390
79529398039
79118103772
79242410181
79604697783
79537311197
79619695144
79263984193
79030719530
79313734640
79234136974
79203202173
79992461901
79270604102
79045509557
79220379372
79595193974
79522148050
79231596419
79043851567
79042851501
79177357600
79508711990
79853916900
79061743384
79159317030
79039307642
79885487627
79093097814
79138729709
79037775510
79268104288
79501629197
79657999807
79147844512
79869079935
79089511362
79211495770
79853500494
79188283053
79234529428
79090096680
79962971171
79236883992
79172134673
79184723438
79994405001
79534350660
79273122410
79118935859
79051011618
79898314614
79180286977
79508636699
79113977755
79009577496
79841982135
79511513613
79242004540
79539574557
79171473117
79191296276
79246105680
79534824202
79607534529
79624107312
79177629445
79604792771
79775050832
79601752575
79081890089
79093154726
79252700025
79518774992
79654160030
79214781130
79528640757
79279025620
79064581690
79532484616
79059770549
79217765953
79653682974
79130572262
79220387037
79118469044
79779571224
79632561159
79833216459
79165253743
79196602034
79139186981
79043894607
79117511194
79116632374
79037866257
79134977704
79686637281
79134571449
79153421402
79087999729
79283310513
79197388352
79262867273
79892337053
79087904846
79518075059
79029300206
79032205856
79994954693
79218531943
79645077107
79208146728
79771453160
79184508766
79110131638
79883335551
79539136085
79043310053
79040027730
79282288509
79621508160
79614817576
79149703672
79050204013
79257982855
79034544238
79127059656
79104918104
79133075597
79112190670
79062224462
79241889988
79139162955
79624130802
79274373699
79146690611
79534209215
79273826330
79182675715
79826765722
79277567399
79508694276
79516999878
79778772829
79208725560
79134733066
79206734637
79222973854
79167848848
79217662956
79180956267
79922223304
79876186614
79125870403
79771425695
79179152567
79676574952
79897707175
79085809692
79165605827
79275635101
79045192263
79280123314
79508590917
79221345690
79514113967
79153012228
79188843256
79141504012
79621922121
79175688908
79138075859
79648888251
79269662604
79044250098
79802495703
79253038012
79089098145
79824018908
79138296158
79044777956
79530535896
79171556789
79773750956
79043814536
79069361913
79140619870
79515019430
79500074410
79851411935
79603920349
79213074696
79161048997
79117960059
79144028168
79619767308
79138030641
79506625338
79099170895
79682227888
79184468900
79887648102
79269595066
79216562833
79523864339
79045983237
79991641488
79999757361
79852449092
79049795270
79515754322
79300337533
79265392624
79292443990
79131392166
79032901030
79129083077
79096339716
79651685930
79527263286
79502205791
79533619603
79092741139
79216351030
79081487499
79237754088
79248332101
79221156601
79831050361
79780065877
79182095854
79201931136
79522862524
79204672450
79506541409
79815513663
79529045218
79183604571
79094525260
79045218753
79032749304
79197971649
79053624757
79265179228
79156793044
79619290119
79064517746
79304268733
79533201847
79042130075
79069617090
79193951743
79139268264
79059514850
79198780294
79122793643
79165330083
79262083427
79106402179
79219665410
79297788677
79086585932
79057839338
79181593134
79056420222
79831734325
79093993691
79284662654
79015034979
79189693011
79119439833
79643364776
79167444993
79089805592
79233972666
79638141917
79619267333
79521754615
79277641360
79531752757
79213545190
79139404502
79880713052
79040035709
79628409022
79173689213
79624385189
79993796752
79813523280
79146885210
79647116347
79092144816
79940077107
79042140223
79273951512
79181579665
79197616871
79528891128
79281539103
79507410979
79772914592
79882503661
79118733508
79200509447
79131721612
79139949281
79198852783
79606153696
79213885630
79164321546
79002918448
79056364419
79284742057
79525148604
79241338887
79174664789
79126277945
79212261042
79022537398
79027660655
79995268092
79281101696
79655505505
79992029717
79605322331
79202104687
79806348379
79189920796
79534233268
79513274778
79500305373
79260928495
79660272404
79250713183
79281165624
79912809531
79021321658
79841053060
79135724313
79176130032
79841620570
79502074922
79111797969
79213380308
79057639504
79064589667
79628529573
79647491731
79609388633
79094570729
79048496969
79829486146
79081761967
79155103812
79235334352
79999694200
79286205949
79120047465
79995337636
79185290119
79021790770
79539713736
79113218664
79119118663
79094499000
79805575325
79102865583
79504801014
79058613744
79192620485
79505575981
79686070171
79528901253
79213234828
79146556437
79538256062
79528768885
79095325501
79049888373
79005124002
79062593177
79965445913
79174062310
79161621797
79109841555
79778503944
79032671002
79105486558
79522505676
79161985751
79962525702
79267609882
79121186815
79818030961
79267330701
79064480535
79184433025
79001298833
79183784403
79117310036
79140918581
79224514151
79167267436
79129595076
79506880558
79627486333
79143271024
79028541563
79139626380
79536760382
79174340897
79282573988
79215281707
79029129444
79526754103
79858609211
79234855687
79242401574
79526566576
79529209491
79130608884
79087986103
79146915837
79999635983
79111170152
79204337700
79872621660
79823161047
79232522354
79233229402
79606588663
79134872304
79614222221
79146723084
79148163609
79999889538
79776699262
79044874987
79124912071
79189897525
79043613178
79508148516
79168256565
79384385282
79517844704
79637701938
79272486030
79032931750
79165183877
79269995544
79264729391
79515025504
79222079992
79384486802
79194392432
79782755346
79146886595
79205823704
79068508819
79145665762
79883135603
79963443639
79608510030
79650130424
79189833519
79034469291
79377175939
79057383046
79061939316
79275706497
79967076917
79026269595
79858658023
79372068626
79857334230
79283487168
79105189691
79250848181
79501711563
79618843717
79180915444
79261186039
79262699762
79180786211
79088037304
79270778880
79031921710
79158257881
79178818412
79603453471
79122392545
79841830214
79189920100
79196214360
79969215047
79536066784
79816861375
79045550033
79193692323
79069426490
79532952344
79081668937
79826394051
79241264704
79233750008
79633303337
79171932064
79689837621
79899818929
79136901072
79999875031
79226630262
79009995416
79535907145
79179210754
79067965558
79992140442
79053780510
79098605053
79636569862
79121764224
79224009955
79111215728
79198770211
79081339125
79857601798
79218975720
79996353660
79891600292
79186023993
79264062474
79207484638
79161441845
79523222376
79310089912
79176755595
79258582400
79141957813
79266077297
79871383282
79826181493
79630444851
79126277873
79224498282
79006983447
79220012627
79534350694
79897672332
79210978244
79053192366
79182649564
79319642499
79990118870
79043416985
79162524575
79859363326
79049713481
79536554048
79034306277
79134521751
79516553529
79111417895
79124400925
79619967536
79063371907
79841542131
79182229289
79507697834
79271711102
79027241929
79532683737
79841435223
79782662564
79185205217
79267171999
79006385532
79203078030
79626192909
79265954198
79117326557
79116349099
79133759073
79853142552
79236596109
79513131063
79601203455
79006105509
79530445858
79219981830
79304040247
79210009981
79500479058
79247630570
79217976765
79140411108
79260868882
79199030143
79146445854
79053105362
79233144245
79993796575
79031344951
79050935520
79619355352
79109992395
79995708086
79228597801
79297042395
79502101985
79832901240
79992071303
79232874120
79021975833
79872165779
79063967087
79236945505
79148647990
79166425299
79174680749
79046634009
79859904781
79119274383
79381010151
79094556785
79088039250
79096521113
79312255671
79051353061
79146595715
79134828004
79261464751
79526048017
79807074259
79037265349
79963219403
79503938501
79055034008
79539402470
79280433530
79169226068
79514933332
79110194038
79202945000
79165046461
79266916842
79822900403
79612383204
79613740027
79126071344
79677707884
79243206530
79618506767
79889510492
79145636144
79507696132
79953176995
79896324669
79148992370
79609030995
79774949173
79033295893
79217873459
79111152980
79698097774
79268958882
79836041832
79162807819
79182225631
79043062656
79674605440
79162512107
79776180013
79191553771
79086803255
79169383390
79253775664
79039096961
79037768978
79111798159
79842653210
79216336921
79263812301
79381439728
79186465102
79299777867
79619036894
79515977140
79039580868
79169527493
79531864022
79688238834
79180035560
79851202946
79517832456
79381021432
79188880028
79005481230
79237933114
79113198827
79178553075
79127341070
79281616287
79023991694
79103122415
79246671552
79183026116
79274266260
79899564204
79042749533
79098138349
79503351618
79633817263
79190070221
79119551532
79055299485
79092774562
79642142579
79242371933
79509150834
79061224525
79130977176
79221643393
79013586365
79242139006
79205779263
79379413676
79663595487
79162261261
79787955912
79258905924
79833200780
79235178883
79644391282
79155783601
79004610106
79635111481
79147862092
79778794933
79055639710
79215511629
79827564496
79652658717
79284675025
79267630017
79523523897
79033374682
79191442163
79771407249
79189038719
79778698619
79016858978
79028146363
79515353409
79515991644
79619232926
79106080042
79162193945
79817568418
79996077568
79214024212
79229322680
79054080846
79082456791
79219938211
79644356183
79186877999
79127431619
79536812150
79059405050
79081977944
79177642614
79138245682
79169728046
79600824111
79775193879
79506875067
79034862143
79051203452
79221811104
79146966356
79139454587
79201501569
79272700328
79874745756
79261470726
79181733766
79000208061
79258661727
79132008082
79132932910
79827047035
79173941798
79035794977
79678080760
79052604228
79117652883
79047691286
79538128233
79147549851
79990866878
79273093563
79005134914
79525954987
79511365708
79204051007
79877134122
79209668767
79266281118
79098795503
79815584495
79531152342
79105236188
79215559879
79043379062
79067423768
79104841967
79146018133
79037561326
79206111701
79819890703
79129743820
79203193848
79080850094
79630513110
79214889866
79324396536
79537210825
79031332588
79052339666
79526279297
79003242529
79969183957
79137242169
79116959056
79850024524
79098674922
79816915673
79041346183
79992264910
79632720729
79186973924
79165471473
79278500032
79141893453
79058013904
79251348995
79670249959
79041665468
79268765621
79629876405
79213635645
79105287422
79099209551
79135927663
79264548584
79998384741
79960353271
79523396561
79528044477
79218292926
79271273534
79522488901
79515480656
79119258007
79193518824
79502655664
79139367676
79644488325
79393361021
79274318936
79201543293
79819955856
79244028908
79257803917
79138834512
79185458033
79261852800
79141870317
79209880624
79080204849
79324738393
79192569973
79187577519
79089198428
79116500446
79270890177
79102633117
79046388586
79630429036
79630459631
79176458166
79142142930
79649090390
79773847777
79244260828
79118231605
79508738334
79259611198
79201794592
79144142945
79175580421
79044108885
79834069160
79965225382
79244350491
79269625641
79081781920
79001087651
79251448648
79614194578
79106421772
79043532617
79144585141
79197066023
79313488208
79039735769
79110166209
79199003212
79141984575
79132185941
79109719551
79045769703
79168308432
79532445722
79388863555
79213866297
79227922220
79169137831
79539412084
79377771749
79645373071
79084486047
79032653761
79082196604
79167078545
79052572342
79163822301
79969620437
79187242248
79872661231
79969603188
79944389041
79002572522
79035930245
79181481090
79539493701
79290100326
79185537567
79214235991
79224050747
79821887821
79952075037
79233883837
79062794307
79055643347
79119148867
79831671363
79180700808
79242365028
79196464552
79281153213
79990866520
79127404185
79123773509
79296835110
79106478663
79002119833
79212165868
79284768667
79069509098
79289031636
79046126385
79154177144
79093100987
79963787547
79032863483
79274528562
79197600780
79376968518
79165119349
79144280412
79052815387
79025950778
79841185223
79146736944
79516963230
79068377766
79147502064
79779714550
79772803836
79266159796
79134056685
79170949500
79857238695
79056501606
79163777295
79781054434
79102021230
79236507071
79625901168
79611238334
79123656764
79029386335
79637501059
79992047598
79518935991
79859921770
79775795467
79969214350
79169885565
79103764966
79640211480
79876091710
79315301565
79039281251
79005661813
79097689387
79067433355
79506393185
79260295293
79817883722
79111125955
79145821272
79266397103
79069781645
79339305115
79261419036
79995635030
79104093174
79377990647
79136504500
79255340404
79233603940
79005315541
79168574833
79806570850
79634470527
79511185173
79897127542
79833263672
79242342540
79376413185
79068361118
79183676486
79644696410
79153725088
79539110143
79516512464
79164159132
79112539086
79181431092
79132788853
79278379191
79850425339
79114012328
79881423563
79215524366
79025780557
79032803063
79620322524
79164646095
79046630605
79592177709
79263658044
79006628570
79214891104
79218787468
79832436891
79375290852
79201580702
79620449123
79506039730
79062718663
79629462817
79266516541
79879624243
79276544253
79057866732
79307020026
79048341314
79602314767
79117909505
79202531804
79234792228
79232888822
79997101070
79005346662
79582699064
79886217494
79530488141
79090062737
79502652219
79323239905
79920210502
79525153248
79897286831
79622585513
79312279161
79655898496
79165402968
79883441920
79235265491
79538202860
79856897979
79602245686
79175779943
79514008121
79052384693
79083144931
79234886575
79537525626
79119087488
79036127084
79081425734
79610118011
79196349810
79043721446
79094615973
79198230043
79502445456
79621296360
79515808800
79774087696
79042871283
79144143846
79521042595
79144084332
79193776507
79648285129
79168325438
79112935711
79263755804
79269960333
79135301687
79147555909
79254185043
79039711110
79086847574
79119363710
79240089119
79119141978
79099088333
79035214137
79143373847
79372663279
79501308008
79147909055
79513481983
79151521477
79874185648
79897039498
79841306109
79060350166
79099018991
79234357880
79133305611
79514817869
79159868919
79517291724
79046894441
79139859278
79920173513
79028298218
79196381049
79136205783
79235719882
79507673254
79516769922
79619555566
79247318200
79787424243
79267868871
79156824728
79998062016
79045547878
79132137232
79536206902
79965142272
79250102558
79612494773
79040057851
79615944811
79060485412
79372893636
79242630784
79537972582
79993795326
79090219797
79156149703
79850734232
79143180886
79041090240
79040931360
79511628088
79609400595
79372789006
79134334242
79250476331
79242067969
79157265866
79887108953
79117553409
79107517909
79163832650
79248663513
79034040118
79119214401
79515593705
79032875207
79539454596
79885817205
79046144090
79649255577
79242680931
79333308770
79532556727
79035163152
79061249494
79872225491
79166500883
79237145804
79779943204
79032578947
79146252131
79889550979
79147859686
79061132054
79175682075
79105213259
79521557344
79198780034
79235132042
79137775955
79136207585
79041752495
79185668777
79260586840
79870588026
79219322795
79308450580
79880929493
79609053845
79600507027
79996008998
79132282764
79035915895
79996310111
79213286671
79371850888
79111900008
79178949471
79520226521
79117358900
79090738905
79058900958
79895300980
79888924711
79172221270
79899598721
79132065096
79221077694
79243319545
79221123774
79081854796
79160800637
79146896466
79504425031
79535157884
79182850611
79964484929
79628393328
79373507857
79061020061
79267934443
79232121287
79965131672
79089904790
79207487818
79530444695
79895241737
79834135020
79028764555
79898180953
79811981597
79139754595
79502040508
79212351205
79198584826
79640815303
79173189044
79214335899
79088858710
79147886274
79138795050
79262252834
79087196219
79138080892
79160878052
79069820377
79198923358
79258881556
79506379177
79227076164
79063054460
79048277427
79641215843
79138888126
79132797552
79815035050
79044988416
79049736122
79537290065
79969417916
79523711113
79176012277
79242674332
79600831431
79168107544
79530280142
79138928954
79035360631
79193416014
79315132874
79005182998
79095806276
79021958736
79028705522
79156155765
79296481134
79286670048
79089512711
79272400753
79777142745
79807388155
79270048680
79530746309
79508429140
79775211391
79534924884
79144207580
79001399642
79296069708
79159931287
79121006925
79181535115
79244905928
79501200710
79777745688
79213251810
79122036185
79998791140
79137473157
79624404088
79887942433
79997948879
79254041665
79818348489
79857873963
79509022104
79187874808
79969629027
79046628845
79218282733
79324367517
79924006131
79634456431
79954034904
79774707494
79621103449
79111837158
79232267707
79835809635
79081485383
79619363034
79780080717
79176148527
79032480609
79098201737
79278615895
79603987779
79143723666
79170802609
79095064885
79217626766
79282791801
79271911724
79107331053
79039296069
79788043482
79090044438
79992272754
79996525200
79205245539
79181727095
79855521777
79996169083
79175702641
79112471901
79086682085
79616202430
79003277657
79397770403
79154595415
79920077092
79155898508
79248722261
79281057349
79519603333
79241828825
79080978081
79651820409
79115308140
79173641239
79138923725
79050874133
79779102223
79159910538
79172667714
79041632444
79259781521
79142862260
79032944689
79858200925
79174063807
79203646551
79001231282
79141833181
79182122113
79151713586
79842611121
79871737959
79817349990
79233095693
79788535118
79393628979
79126242053
79104115664
79617162490
79278031100
79892486680
79209882147
79516186852
79191686865
79376452761
79028020556
79154561153
79807038829
79831353217
79312144377
79126986192
79292388024
79533238286
79193872689
79262969863
79175181568
79024845339
79069877153
79105950015
79818285635
79064595242
79221528778
79874175342
79895324965
79192289091
79314114053
79609055054
79259751777
79118003230
79147086734
79507566129
79236168248
79533362795
79275132737
79154784645
79504228007
79508355873
79506443883
79288523144
79881408757
79138317425
79531998533
79376145506
79003257710
79822261250
79095764654
79052965535
79110708988
79085868988
79772610956
79303049734
79857168833
79141868502
79529887089
79166073552
79141734034
79138119890
79822987263
79803499907
79025553494
79204263097
79772966247
79009246178
79656308105
79533874590
79990844728
79503351224
79297785856
79817259281
79119003783
79096351999
79054709274
79225499013
79279332120
79118161507
79606026747
79036153778
79067414254
79167137839
79673511220
79046036640
79631776669
79119252429
79105410268
79272669001
79281448203
79215502723
79204599573
79638158100
79288534844
79873040467
79121564448
79114991784
79298386300
79991661996
79053243881
79281009554
79042805975
79272342264
79059014591
79048271316
79615635454
79631949668
79637863244
79673767963
79827154575
79962417879
79037269515
79889933300
79160101616
79263878903
79286501040
79242345301
79164087145
79190566821
79997707070
79082757253
79246778018
79515318534
79204241251
79774462329
79612240937
79520476440
79536074338
79041101002
79022446686
79313409385
79029397937
79059260778
79163913312
79117785567
79778171160
79537734471
79201641950
79059047272
79604664359
79270364655
79285348560
79298063016
79130780367
79641440801
79538483890
79147061789
79996961389
79035665950
79539688943
79638104454
79045889987
79048293949
79879568888
79159785701
79163266973
79381322950
79064452505
79082917672
79109071961
79523853220
79057477502
79164979881
79263535864
79502718220
79270467778
79283212498
79854673627
79025041479
79024432396
79600168665
79162227613
79370285558
79819649432
79206816860
79635633337
79046365800
79033440707
79111949050
79615860073
79234300101
79253762770
79011946092
79082345544
79049639071
79066500635
79085457046
79141955230
79603015539
79264048160
79148629444
79039960088
79064333772
79267944759
79231689089
79237114832
79875406970
79811301996
79139246229
79646383258
79817364756
79502826573
79624743115
79201737806
79312692968
79158051159
79132650292
79383488873
79531016144
79182404082
79184519809
79532917711
79152686651
79117842080
79200985830
79508955374
79210738396
79522916482
79500101868
79134877253
79940002277
79088097082
79141876473
79969479194
79532198888
79069947670
79835518753
79125797994
79031605720
79892328127
79161779966
79037546475
79024319073
79857800077
79297570804
79625593885
79105819159
79307585537
79897136183
79501073389
79114495917
79099850495
79167384049
79086881870
79184697887
79534936800
79120376983
79857713975
79174565280
79003803969
79123553094
79044228006
79529686664
79271492341
79282557355
79502476014
79234444542
79521630075
79227915536
79251142337
79131468177
79032371149
79516601171
79514644271
79034157330
79131596377
79081835534
79654302733
79196041868
79021630708
79644581902
79001313450
79172929519
79215982269
79999838527
79841401666
79043492022
79038431298
79806626550
79048965381
79085771758
79528931764
79175355074
79513530556
79104254661
79000018840
79222946220
79260237622
79163140431
79089935543
79155669860
79826165530
79213951648
79145480617
79172822280
79885704560
79086487769
79029961889
79032201573
79141649548
79000121316
79528652236
79274683111
79009235538
79169025804
79147980191
79370083098
79004749327
79273388728
79036816604
79646462286
79217353230
79235145570
79057376796
79633266223
79533864456
79778915661
79134740108
79114964547
79852727557
79258465336
79604833024
79180651296
79024472826
79137890900
79859994582
79032110164
79057536605
79098322942
79606594098
79027925886
79227639742
79505888840
79674679815
79272265515
79106902012
79213958030
79181363614
79633420888
79227607975
79208152834
79141569010
79529241173
79162542573
79522504004
79164740383
79822563655
79259168566
79050032935
79997781630
79133345576
79620408794
79288816998
79113494404
79661761305
79033138913
79156778657
79088917852
79371357025
79250307211
79284109320
79095032636
79037305526
79826665730
79134607103
79852835362
79048554205
79089903480
79536176315
79226895697
79246816625
79193450264
79284843445
79897660004
79051778910
79606577888
79178595468
79069662023
79117459144
79158051484
79047569873
79500334741
79229608526
79109159785
79237688801
79537874192
79064360349
79282081993
79030164455
79147588921
79609760793
79038115461
79159908888
79872078300
79126918213
79507680166
79197568321
79515438680
79871088666
79774801462
79208414849
79219387058
79137834347
79911988335
79266947517
79656226144
79678215500
79140250623
79969326950
79221574343
79247142569
79185634422
79174992033
79538850457
79883814396
79139210717
79041965520
79054667908
79052237672
79254829096
79643929855
79265997229
79213123407
79819301898
79242172607
79174717865
79120427493
79090974503
79885424319
79036182868
79182521853
79201411555
79006406494
79879867910
79634381902
79833137688
79242610151
79536124833
79531944949
79060844688
79504892532
79773903340
79513127599
79106815111
79248474818
79136855707
79221206758
79158947761
79215710225
79307899699
79774402318
79855880313
79050465628
79316029430
79854422183
79994622855
79295211819
79155045407
79085933296
79828837594
79317010825
79630860707
79997937559
79885614286
79134049142
79115974629
79247817722
79883875244
79024461099
79267638186
79034851540
77477144723
79622949780
79503344535
79043158105
79639935721
79089059105
79373293092
79131118106
79177159475
79841017955
79241527515
79630387455
79660991038
79285359167
79025528180
79885292333
79854616079
79092662362
79911918180
79021339748
79688050929
79771221214
79518356232
79221272653
79774241201
79267122044
79050823679
79262463536
79209221222
79270726321
79261345544
79172440223
79177799751
79039551424
79265747436
79606477772
79644337046
79673282884
79213202032
79042046856
79279227176
79030883990
79994654804
79602780500
79093915521
79107709039
79681321132
79182983835
79312444148
79526459572
79805349789
79639993888
79173761014
79121764429
79181506441
79771842264
79842943332
79097173591
79131915549
79162543908
79092398662
79190360299
79513817057
79170407083
79858842709
79505550909
79188900037
79138751746
79515429862
79081484854
79145960344
79085492127
79149347378
79852607569
79207038145
79037330033
79021363778
79994507750
79146205481
79372146016
79651807311
79625646907
79143402392
79833112054
79827221698
79114807759
79081910399
79087991124
79830039838
79877229249
79066336922
79045453174
79672125445
79383484428
79605607350
79032243217
79262189929
79371151055
79536501263
79115111192
79137941304
79308138632
79133977140
79182535679
79153256310
79636225459
79996164625
79151620345
79065310894
79209778080
79228997784
79608544702
79667033942
79509929161
79647847424
79069155842
79132820608
79027587897
79201765257
79027581174
79042069400
79788204722
79815097501
79146024559
79529348369
79373474888
79139295065
79818874768
79826691169
79991091946
79052272259
79147913814
79055022749
79226627161
79537453399
79244358113
79143324928
79534022373
79888988544
79040060820
79995113034
79023608780
79218554770
79126852281
79143123504
79506490300
79134781244
79273531207
79269648448
79841452460
79036388333
79204707400
79035103812
79276784863
79059009211
79516887789
79067818390
79264617546
79963989245
79057507401
79222051157
79252226608
79052658155
79288199200
79265898194
79273625036
79054131286
79027521798
79265975314
79024800230
79248986557
79186444655
79134707088
79532126512
79277262589
79143251853
79267226117
79250112882
79005382608
79119094657
79185381033
79258409889
79140318630
79511678496
79278278586
79825049064
79630477319
79853194676
79670653501
79996013214
79158441551
79507573336
79232131382
79237720795
79126334500
79535832923
79533187745
79393622924
79242450899
79067335946
79189017262
79515038347
79138189855
79831256315
79132171442
79260109461
79157388710
79032400430
79655161056
79013607063
79028220023
79244144614
79991739283
79635201702
79145931554
79027315260
79236252375
79038644398
79012897132
79028280604
79534775996
79832303751
79122745534
79990898651
79964712153
79192561421
79280428455
79892411564
79069576412
79600710276
79136197140
79162584843
79160709208
79006246064
79115429042
79147511167
79174765440
79156420938
79127654592
79090047888
79533900443
79272740213
79264743201
79529573797
79852922243
79149279575
79033455489
79139094220
79191516001
79003416335
79140498825
79149195909
79221040007
79962293359
79655974247
79173889677
79130308833
79787181530
79209760653
79112655440
79112943525
79772593978
79110361985
79115456864
79168254931
79627005667
79014544594
79065755469
79218480435
79515039846
79995352844
79524259882
79130824585
79037871563
79248762439
79127081636
79146929157
79889545464
79235644767
79518470374
79871227177
79831858219
79272438674
79135127131
79996372212
79831794402
79631316899
79648584382
79196862625
79169169833
79787229383
79118852656
79005376210
79609651022
79685140449
79115596673
79272475135
79038064713
79167883227
79295116022
79237795184
79621647595
79086170111
79133135211
79258933063
79294780867
79850691840
79039006505
79080431277
79619808525
79518423627
79533250037
79057780125
79062937555
79115150803
79168305394
79093322474
79059818175
79527338760
79059887870
79166781237
79081171920
79035511831
79624006047
79529401942
79052878689
79141769565
79217756626
79157894689
79063359885
79858380928
79003689228
79033380697
79965430442
79529733173
79041620771
79137492233
79516556989
79045451122
79630971307
79059836112
79279607252
79250961086
79068468376
79876620575
79510009371
79774018749
79697248714
79219666484
79655175306
79106872304
79068244914
79220926544
79104013605
79178995300
79605052567
79600686747
79653853835
79513191211
79122757871
79242846898
79190257842
79697644800
79133791444
79119686046
79110245013
79811409794
79185354841
79252923353
79163270550
79877567670
79234020449
79021291619
79006017307
79087199729
79016008880
79851601992
79173047985
79179397069
79373519970
79048685769
79265466516
79145004541
79199966668
79068132917
79818619073
79529281777
79219736623
79051932885
79605228125
79376401234
79803878488
79281667165
79505404600
79851277227
79315779807
79131403072
79048986165
79268783969
79169700529
79372935308
79043515419
79771593200
79897620847
79896277625
79278300991
79524328746
79533234682
79148559070
79146818264
79283469777
79084521947
79226259014
79508276913
79600286301
79294928828
79255757971
79147304577
79101618233
79872555636
79143516552
79822208305
79531422792
79222284774
79609842585
79113510708
79635267984
79275048267
79118868565
79605994634
79612817699
79234018422
79523781499
79370826868
79653059474
79772574707
79167378211
79224725367
79034639639
79821038868
79049868292
79674605074
79032855907
79163366904
79086310604
79185249991
79613329685
79035666755
79025785624
79296445758
79856952476
79112547803
79023807936
79631587950
79161360464
79506519723
79286606604
79510097274
79041193003
79145641366
79045831210
79151988180
79142257313
79062002969
79035275732
79138534855
79105030734
79034567231
79160112340
79014392595
79155899501
79873744836
79620216797
79213335353
79123564205
79119105536
79513305455
79139382935
79001975427
79787997559
79035124931
79280997000
79177858392
79963289569
79152730081
79582480335
79041634252
79885468826
79841760122
79234024441
79923471389
79044270904
79833310208
79882556846
79258391016
79681420645
79511643617
79509591704
79127565870
79067680927
79005002728
79512405633
79537062249
79216863881
79189849270
79234804220
79879263821
79281120662
79217952227
79105071758
79511534414
79141413993
79871070972
79267684498
79207082625
79243641190
79164695868
79036281626
79671659465
79222708505
79964637221
79118732576
79854622661
79621795190
79031065946
79859388819
79214378379
79263375783
79032701185
79996811740
79024320554
79777954015
79370707740
79168043184
79315780768
79063760081
79112171875
79650086074
79529994892
79513151007
79609250777
79539217091
79048205446
79022975286
79528897772
79009796323
79243131219
79990403590
79064518687
79858858143
79333330644
79005050710
79292248249
79375071633
79080507771
79294080213
79167315007
79111265770
79191432307
79104909269
79697275036
79050506976
79372873053
79146460750
79013449104
79325375374
79263401531
79125226899
79774298415
79184348598
79027725914
79223016447
79141507749
79185703585
79184654923
79134802363
79011227271
79112234479
79991941823
79878362570
79280362858
79628125431
79814053800
79103619994
79258787478
79111661166
79021750379
79026273862
79062545000
79084513485
79021605420
79261714102
79530363251
79874936887
79107621678
79618260086
79529680952
79208988944
79290216362
79062565820
79895037669
79518482456
79269200767
79615207658
79242337442
79522006240
79610543887
79645783044
79505188383
79602806023
79107612695
79857657638
79259851102
79149631088
79042312782
79045422846
79883053910
79254514359
79063272126
79282143139
79818432202
79247257649
79152316877
79803761473
79122937801
79236589921
79130101446
79164052612
79264565808
79153794815
79889158985
79220723069
79859755840
79606144555
79089096780
79209914229
79142983154
79294086775
79128076845
79150520564
79147202183
79205415140
79173440018
79189690548
79530532581
79998753108
79082562851
79211590699
79999891123
79312214476
79167845827
79600287819
79832523242
79087874191
79042921084
79196300806
79242330620
79114455328
79049845936
79050754005
79004026800
79409933232
79243360384
79523509460
79130278099
79841942412
79242251177
79131060496
79512427330
79122611476
79164480591
79180238864
79017781162
79621501487
79091339633
79148148277
79533261493
79046362210
79601000613
79083173839
79178558563
79112300421
79081525835
79051020515
79219715676
79628179911
79529254818
79154346292
79777217030
79161331847
79128928756
79080874096
79241502200
79059184286
79515238436
79658440488
79002411099
79185149687
79999246015
79643000549
79500359621
79670909178
79053273390
79999846914
79162222692
79617326989
79775438196
79371477505
79222221245
79519393668
79522029162
79164430179
79147181343
79025814106
79870241378
79054083270
79122426090
79832020578
79519904371
79050243974
79622757235
79967086327
79272431922
79046909968
79378079456
79095073527
79155865699
79122482442
79147806593
79206899245
79150950176
79261430037
79600864294
79035922811
79276758127
79511719724
79777710706
79084641357
79213522828
79513228285
79234898930
79149761334
79126743785
79197328222
79038693756
79526016521
79248529011
79531473216
79255293246
79996092919
79064724144
79859183736
79174043472
79183755558
79051564492
79217813714
79286121264
79196341391
79996368990
79505823054
79152461883
79087954473
79293103683
79531601860
79998093046
79006000288
79172971698
79136253776
79096578865
79643427435
79841527764
79608958389
79146838336
79992209168
79532819150
79246026292
79213797560
79069770640
79161213414
79122160503
79610886439
79095783400
79089587505
79879134635
79603326416
79184451995
79052010050
79242030033
79101914047
79193958393
79180071043
79039830553
79856654942
79107041454
79127209591
79131118158
79080100809
79670314758
79513824161
79163566114
79134557870
79776393978
79138832401
79283639351
79374880484
79529654556
79393801414
79099159608
79095140208
79191775304
79118238622
79089914687
79098817388
79236317466
79135952435
79371953681
79534402445
79995270707
79527847264
79093695932
79037548480
79159596785
79028309961
79502214223
79537131353
79284443088
79006534210
79060519378
79217565944
79266012747
79200491953
79644431688
79208168569
79607405498
79186588844
79872105308
79056474909
79993788095
79066417023
79030179424
79261497750
79880971966
79510003952
79188508141
79212191962
79606742826
79124154221
79534485660
79046311680
79025353598
79089055196
79534285810
79615644008
79089442381
79173564593
79858789615
79254397154
79875803225
79999636497
79506570657
79538778716
79129472108
79604798168
79142993283
79193037708
79169330043
79378260444
79173581310
79037776222
79507676252
79885157424
79089157645
79081075919
79054830658
79139424269
79780446189
79160189083
79500160455
79815051559
79109164887
79147163088
79409264315
79180130403
79254455102
79637221248
79083005693
79629626921
79530500287
79138766009
79501976818
79515046563
79530436336
79537006160
79648461760
79998088770
79678359958
79190864101
79206947152
79501449649
79017929280
79112167310
79186020742
79992054426
79174170045
79001342708
79211892223
79039423942
79057111537
79991645055
79040129937
79243308091
79089634489
79505648246
79296182161
79081913307
79290503166
79645856679
79277780129
79649383478
79504656123
79841509304
79185346346
79030230333
79913617343
79293224436
79127652205
79627866637
79139992184
79282592500
79204865100
79658327019
79139240304
79067689050
79118280229
79283301010
79806703690
79501646004
79087993795
79261130407
79272687327
79137408051
79967698243
79806356731
79534754958
79241902480
79174530269
79515442619
79224379997
79143245559
79161401578
79196139738
79274039996
79137244045
79990857149
79179320859
79524915579
79027344849
79853596789
79997966656
79502276797
79265378730
79266494491
79963892309
79279511052
79043844355
79067149404
79268504760
79874900903
79127775504
79115023193
79787121538
79200928778
79219743258
79639828672
79089056713
79655891547
79515269320
79533051521
79308982233
79216485142
79283097134
79122406653
79964194963
79120384316
79098111155
79606747776
79041884255
79954000807
79996235836
79140767958
79772717225
79096585451
79105394608
79514458551
79506483357
79033425223
79167343226
79151931295
79145840309
79522996045
79773537243
79150945389
79996990685
79660907722
79117163207
79827021611
79604817534
79507272100
79047771680
79220336813
79002725941
79296416428
79153089835
79141729504
79529266687
79081482962
79515357680
79003796209
79135868043
79215461880
79994535464
79624417158
79086369349
79161413484
79177999375
79609839442
79203121565
79061564020
79152265465
79280409320
79158596499
79031585553
79385183030
79539342292
79030196950
79685009644
79528079580
79081020411
79180199619
79231552448
79083322502
79177625136
79002492939
79539345593
79193960777
79373466691
79185107694
79006475043
79162710602
79030707251
79126786149
79539501446
79139533457
79533277068
79243489798
79138977609
79996745906
79827208255
79961784467
79041084970
79782742004
79255364577
79288551250
79162114898
79867117464
79160280335
79850521651
79504375186
79050081144
79201370170
79157349842
79635510666
79517330036
79219405873
79128260371
79996945867
79265651601
79536266812
79204877150
79105903307
79171617700
79374506148
79852666176
79502176698
79514090391
79028190906
79184231425
79160107113
79817437497
79883422625
79381609415
79147628426
