79147868373
79144057553
79145608579
79142114205
79146431802
79146104535
79142609044
79147909177
79147902531
79143137478
79142206267
79144050264
79148039931
79148105185
79149064536
79144297072
79146956842
79142830747
79141955346
79143386244
79144674462
79147716972
79146542108
79143837904
79146642193
79146662006
79148859520
79141763556
79141761876
79147142547
79146449781
79142172157
79145119847
79147866394
79144196459
79147166066
79149283598
79146793946
79147913281
79148130811
79142188139
79145624164
79147749727
79146227865
79142568232
79144826314
79144107117
79146515232
79144681358
79143220226
79145998373
79143495102
79148952419
79148898258
79143697910
79147089924
79147914781
79142592049
79145223122
79143867214
79147584397
79146800760
79144554236
79141903655
79146158029
79143993673
79144055129
79143644827
79143902526
79144888131
79144298698
79146574282
79145651150
79148729133
79148574549
79142127197
79148520557
79143553887
79141726880
79149068196
79148049923
79144510060
79144203971
79144240180
79147078812
79143723729
79144871920
79145410350
79147584515
79144740712
79147277469
79146776358
79144255008
79147271403
79142554447
79144849525
79146875121
79142192297
79147881746
79148930987
79148223817
79147565424
79146630796
79146336455
79148375103
79147165392
79147294985
79145633901
79143988579
79141823063
79143532723
79148951185
79144642407
79147115493
79146591003
79143439773
79144261084
79146130346
79145063588
79145791205
79146896892
79147752990
79146823007
79148979294
79146670867
79144039932
79144808861
79147950945
79141730506
79141819939
79146402344
79143185403
79147589498
79144863721
79144771688
79145569900
79147072418
79148472256
79147778810
79146658236
79146171740
79144070793
79147767778
79148842489
79147905299
79147886210
79146528003
79149135276
79149029382
79144234066
79147822001
79145292000
79147071257
79146779486
79147483213
79148769726
79146758580
79143422120
79142832128
79141770005
79142531037
79144554506
79148438025
79149237358
79147196475
79143211857
79141926810
79147010157
79142026209
79147296331
79141851377
79146756943
79143210196
79147957795
79145756837
79143195212
79147588701
79142551097
79142177885
79147366515
79146145173
79144204540
79143812844
79147923929
79144317207
79142463682
79145473134
79144681922
79147664214
79142362524
79147128071
79145563955
79141951953
79149238634
79143948507
79145199864
79142576614
79142246544
79145217466
79149174969
79148860084
79141903924
79148174750
79146011978
79144182318
79143260814
79145734071
79143114003
79145746360
79141883049
79148792135
79147068157
79148408089
79143714252
79144149214
79143157242
79143132337
79143559491
79149155493
79143717119
79143152648
79146496688
79147931278
79142195033
79142030203
79146515548
79147820769
79146855563
79144798810
79145088334
79143383295
79144048651
79145155659
79144694083
79145259072
79145770146
79149197338
79142293840
79143195191
79141852924
79142941003
79148656719
79144785539
79149112203
79144207669
79147563407
79144955661
79144569155
79148011464
79142034353
79146576623
79144781987
79145451028
79143243857
79145065181
79147205003
79148938349
79142000730
79144627699
79147231550
79148720516
79148151660
79143191612
79148735906
79147373729
79141916710
79146667291
79149266907
79144719883
79148831962
79144443147
79146990718
79144568896
79143956461
79142058090
79147728046
79144475425
79145956118
79147129078
79145582530
79143037094
79144866956
79148467997
79148828155
79143412704
79147040644
79146142465
79148865412
79146149251
79147243395
79144545205
79141915430
79146861901
79144182029
79142441096
79145767625
79146352268
79147176575
79146625554
79142703319
79144818777
79142099124
79141976088
79142021074
79144651467
79148070145
79145504837
79141911382
79147654260
79147927601
79143120528
79141840081
79147528969
79143407288
79143538646
79146553131
79143308742
79142569097
79147030867
79147235339
79141785289
79145720517
79147434745
79146605124
79146971315
79142763564
79149093565
79145924588
79146057205
79144900650
79144006464
79144608348
79147558341
79142707712
79146673600
79144290596
79147938832
79141738457
79148452800
79147607271
79146607959
79142089662
79144333908
79142975204
79147043785
79147077117
79145606947
79147570722
79147916252
79148627185
79143523951
79147241778
79143436120
79148586849
79144916710
79147322236
79148039277
79147391974
79145479929
79144209664
79144181873
79143245480
79146035940
79144127000
79147063730
79142152641
79147965979
79147765018
79146906164
79141986210
79142036840
79142811234
79145027394
79147913215
79144001270
79146646464
79146580928
79147985804
79142838110
79144296039
79147174307
79147408521
79142870711
79143731421
79147871666
79148052214
79141849280
79144397218
79142411007
79146675182
79142183782
79143547867
79147816116
79147447147
79146595819
79147458357
79147724173
79148021474
79145480164
79146927011
79149206960
79142174851
79147730247
79148719216
79144897588
79148216948
79142109594
79146668715
79147922655
79145017489
79147375207
79143282884
79146238322
79147266406
79144748627
79141792699
79147703327
79147319722
79147910614
79142987875
79146589256
79144927800
79142912954
79148072656
79145075675
79143637994
79148140379
79145580006
79142109943
79146710766
79149040997
79148026100
79148897080
79141927666
79147554513
79146567848
79147447319
79144169884
79146096201
79147979499
79149094912
79144806833
79141900699
79148526612
79143140785
79144959855
79147418638
79143266135
79148345526
79146979889
79144202522
79143218112
79148767163
79144693393
79147973590
79144066108
79148590936
79144890606
79145138502
79149240739
79143542710
79147644526
79146580897
79144741877
79141904185
79147760208
79146270263
79146062948
79143332004
79146773683
79146419547
79146551843
79147236256
79144741542
79147924356
79145162323
79145855900
79141859296
79147131632
79147230481
79145668187
79143116973
79143297460
79147132549
79143378591
79147030525
79144082250
79148677585
79146270084
79147498175
79147926131
79141781127
79144952574
79148168104
79145276530
79144439008
79147273703
79143247434
79144816506
79145813055
79145674579
79146636926
79145164537
79142938943
79148154103
79146764370
79142620596
79143083669
79141885301
79142534782
79146889732
79147028109
79148854832
79143271822
79143758440
79147090033
79149165397
79143356516
79141937941
79143728242
79147482727
79144048085
79144288969
79145610899
79147477892
79148419891
79143151975
79143719652
79145432015
79147572752
79143941550
79141776933
79147988132
79141765057
79149306047
79146712720
79143354962
79142142049
79144239810
79147187799
79143437920
79142163536
79144800111
79147568226
79147265008
79142099369
79146941597
79148502554
79145899509
79144156631
79141775400
79145509647
79148065156
79141745960
79141885625
79148100838
79142047697
79147982948
79144836232
79144446644
79147334001
79146601615
79144904339
79143432575
79141863940
79147913051
79148170453
79145066978
79147778020
79144007555
79147974556
79149354037
79147297938
79142100233
79142661603
79143554835
79147071344
79147285452
79147775550
79148882691
79146472371
79144917655
79141752314
79143317786
79147759326
79146720260
79142125026
79147800058
79147415800
79143270030
79143121793
79144846487
79144878952
79149348860
79143243618
79146898830
79148641386
79147152087
79145557040
79148229015
79143177337
79143910777
79147633010
79147737123
79148881003
79141886911
79148696901
79145667776
79144527879
79145765636
79147971241
79145382558
79141951403
79147299763
79143895759
79147249972
79148793247
79144061133
79147678896
79141990336
79143325902
79149309137
79142041801
79148503899
79147724834
79147838217
79145419968
79145348830
79146987473
79148776724
79142796506
79141989738
79145276339
79147319347
79144936683
79142549529
79148523256
79142055048
79141729361
79147905750
79149262515
79145881300
79141970551
79148502428
79144105925
79143817252
79143924109
79145618292
79147185050
79143973119
79143673480
79143553520
79142039274
79147913232
79146240956
79148778497
79145764470
79147650067
79141961587
79142018436
79148869720
79147562306
79142542582
79144641975
79148417788
79148113643
79144051540
79148755357
79149144094
79142797921
79147255595
79147707460
79144330324
79143165735
79147981365
79147711432
79145628737
79145018636
79144922505
79144996500
79147724337
79147016829
79143155719
79146266073
79143438096
79146554132
79148938232
79148934225
79144045174
79143519535
79147878558
79147735206
79144145841
79141874129
79149349872
79147089358
79146069323
79145843791
79143732717
79144748291
79146395900
79146320517
79144119685
79147182412
79145001384
79147148217
79148066051
79145109100
79145412203
79142022166
79144610074
79147970117
79141774766
79148618061
79147083519
79148980715
79147041901
79146922059
79147054232
79145405384
79143374530
79142734031
79147956707
79142790633
79146948713
79143136761
79144148005
79144324817
79147741245
79143513127
79145985983
79143324302
79144882906
79147731550
79146803286
79143137119
79145578817
79148867123
79146719624
79146536860
79142376570
79146153881
79149088620
79142083456
79144351334
79144402835
79143402787
79144142690
79148920457
79148721330
79141728573
79148575085
79142098314
79144324272
79143555153
79144347207
79141983960
79146948569
79147207784
79142881888
79146076346
79145560040
79142637198
79143438948
79143815227
79145476988
79143886372
79146492113
79146716535
79144075719
79145081030
79147597283
79143962180
79144762945
79141998331
79145028473
79145765967
79146704136
79142024900
79143081955
79146119659
79147002528
79145168548
79147055140
79145384412
79147735003
79147737172
79145690805
79146773111
79143280712
79147595442
79141833011
79146967685
79148120710
79144608072
79142583227
79143781215
79147599292
79146867898
79145664277
79146760318
79145768775
79144548289
79146725125
79143185811
79147377667
79143801135
79145488131
79145151914
79142643634
79146402303
79143412701
79145054419
79144141414
79146912894
79142034575
79144208436
79146022956
79148996533
79146856111
79143454514
79147976134
79142413656
79146814921
79146686177
79143557350
79145715529
79145143310
79148529909
79147241087
79144689949
79145144322
79144783586
79145856912
79143603172
79147975545
79144624027
79146014921
79145546540
79142030390
79142437242
79144677676
79146759777
79146759564
79147998295
79142006296
79146536644
79145658834
79148197688
79144633107
79144587631
79141825980
79143170467
79144967022
79145388062
79143741757
79149331455
79147090421
79144651607
79145180336
79146796532
79144018964
79141885049
79147231497
79144145271
79145913105
79142505829
79147020200
79147966231
79144492834
79141940279
79144148554
79148358737
79146489208
79141741962
79142792612
79141737227
79141783155
79147161754
79144299549
79147386310
79141757425
79148400040
79143347247
79147540440
79146839207
79145145883
79141849470
79143870947
79143915382
79147310615
79146294195
79148122440
79147484745
79141729694
79143267018
79145912615
79147705117
79147487208
79147580013
79148995844
79144298363
79147132591
79146428200
79143337065
79147036265
79143919342
79144857440
79145197366
79148314403
79142570113
79146719178
79142836233
79145422112
79143062147
79147523592
79143866085
79144539079
79142611639
79141906167
79146901470
79144859979
79145618048
79148187650
79146210517
79146848461
79145145010
79145843040
79144646660
79146439362
79143901862
79147120884
79143152181
79147709605
79144235961
79148552760
79141846504
79146048125
79145853466
79145640103
79147186119
79149066824
79147365042
79148742590
79141918092
79144057067
79143530082
79147065916
79142072647
79147045754
79146292346
79147923925
79146737138
79147680400
79141877392
79145623225
79144183174
79143224070
79147314923
79147241286
79147074041
79146662012
79143605353
79143961735
79145700404
79143215402
79145631594
79142654547
79142061682
79142562273
79144164173
79143187458
79142654733
79147169984
79147990666
79147029676
79144197656
79147164019
79143127202
79146923467
79146523285
79146130240
79146641718
79142827234
79146832673
79147290611
79141723157
79144254728
79143317726
79144856998
79144030220
79141968194
79147667018
79146537688
79147922174
79143163842
79146967127
79141816843
79146921553
79144840507
79148013639
79144987634
79147785693
79146721912
79147094660
79144751016
79147044235
79143545626
79146456518
79143561040
79141866920
79147379263
79147132580
79148007112
79145419590
79144695292
79141852157
79142336259
79146831353
79145263521
79143726546
79147160266
79143405621
79147320846
79145419340
79143431390
79146715750
79144192265
79143975493
79147002451
79146173772
79144458721
79142937826
79147588005
79145820334
79144364842
79141953054
79147732309
79147987942
79144702553
79144453062
79142699473
79146285517
79142079292
79145551464
79145956183
79145705920
79146041549
79143110560
79142000647
79147920915
79148767846
79142028535
79147174487
79148349638
79145212623
79144638174
79145084383
79144818610
79141884021
79143148472
79147558297
79147234271
79142190900
79147383602
79146421949
79148154092
79145826236
79148765395
79142123581
79143758162
79142167157
79141811511
79147350641
79146175455
79141776339
79147765880
79145514519
79144916772
79143283194
79141873293
79147147593
79148719621
79142196933
79145462234
79146808866
79141761595
79148061651
79141876526
79146863062
79145890002
79146454175
79147906929
79145510190
79143812767
79147200339
79146916538
79146217522
79147976162
79145558264
79146528313
79145548930
79142984338
79145685207
79148700035
79143709074
79147176024
79149143226
79143358712
79141777017
79147806790
79146745566
79143261105
79141761321
79146734279
79146630381
79145402570
79147054617
79143859028
79145420815
79144422022
79142829114
79144097974
79145772813
79142919252
79141820224
79147029322
79144840471
79144943388
79144138217
79144350425
79147175543
79141948150
79147467748
79143824278
79144683759
79141852423
79141841264
79143615762
79146955787
79147922578
79145657791
79147719165
79146217789
79145445618
79144181708
79146970646
79147297178
79143554825
79144586594
79146917476
79147903046
79143168919
79143878062
79143955249
79146503399
79147996507
79146647447
79148912190
79141867310
79146460963
79147456834
79146990792
79144357017
79146518543
79145172259
79146570919
79146702844
79147510599
79145759556
79147334415
79144019298
79147475474
79146634677
79146871787
79146892556
79147500187
79144902817
79147156565
79145485849
79142782317
79146046429
79147497699
79146503070
79144570789
79143617414
79143196342
79146131415
79144092944
79144252962
79143426114
79144314999
79146368710
79147180333
79145952785
79147210119
79146966410
79148021244
79143161705
79147913149
79148573618
79141772971
79144329466
79147860708
79144373267
79147964384
79143593029
79141765455
79144539581
79147160157
79146606541
79146529084
79142474496
79147615993
79147328821
79147929640
79146592635
79146151031
79148725580
79144174757
79144319190
79147293930
79144552111
79146625612
79148996111
79148787865
79147064576
79144019655
79145576178
79148272649
79147051800
79148732358
79148052730
79147170016
79145466064
79147942492
79145714641
79147775868
79148761738
79144469669
79146771147
79146735899
79143585311
79144328687
79144333511
79148033976
79141732228
79147915024
79146932517
79142664855
79146904715
79146920015
79147775540
79141909887
79144703068
79142326907
79145600711
79144414756
79142857489
79146506306
79142168572
79142058524
79144592431
79147738009
79143670916
79147712910
79142515180
79147212232
79142191774
79147050993
79145600504
79147420802
79145041004
79145954348
79145048160
79146859257
79147347084
79144352589
79143313254
79147363775
79145498165
79148710675
79145907980
79145374479
79148941838
79141770190
79146190391
79145835030
79143875298
79148832899
79148584158
79142628151
79149051901
79145792665
79146950446
79147940500
79147367826
79144022681
79147034291
79148312432
79145769278
79148007495
79146514028
79141817982
79141948259
79146816999
79145496340
79143993691
79142246639
79147362096
79146969500
79142837411
79144520988
79145681415
79144205261
79146790779
79147179819
79142051339
79142400945
79147076470
79147713138
79145071555
79144143182
79143935711
79147347430
79143004112
79147328515
79147703236
79147234236
79143924053
79145545761
79145830123
79147034590
79147091404
79146225706
79145450221
79147191720
79148138906
79145086732
79143923802
79146392473
79145736882
79145911855
79144060628
79147393071
79146511845
79142183432
79149257674
79144930312
79145966272
79146917798
79149176699
79144094365
79148771323
79141842720
79145121830
79149308522
79146944183
79143457587
79147918857
79146232008
79147826919
79146684225
79143874782
79148773607
79144062797
79145101797
79145226263
79142989321
79147183624
79147558455
79145989443
79143799751
79145410490
79144835095
79143062772
79143728955
79143433260
79147439229
79144033103
79145462032
79146510583
79142095911
79144057544
79143970686
79143872497
79148049951
79147297468
79143974124
79147636696
79147796326
79144781361
79145527134
79143662670
79144746415
79146471055
79142333853
79145830566
79142192915
79146532929
79149342665
79146594280
79145434730
79147163450
79144927089
79144553223
79144342802
79145239755
79142896518
79147660117
79144345527
79146694176
79147441078
79149147993
79147680753
79141954229
79145933828
79146176543
79148185223
79142181635
79148904736
79142136102
79141986971
79146999243
79146975270
79148961130
79145553704
79145722394
79142070504
79142481216
79147012582
79146613668
79142153613
79142939094
79146866426
79147069504
79147687991
79147369334
79145470109
79146000293
79144170511
79144006900
79145969460
79145601836
79144829271
79144670706
79146775610
79144395138
79146690217
79147040733
79146368605
79143719971
79147021221
79147740031
79144832711
79146672573
79144057565
79144726007
79147906811
79145238010
79142036004
79144358649
79143156056
79145489545
79149274154
79144710422
79147198220
79145138912
79147190520
79147934842
79146867476
79147448629
79145883474
79144040625
79144019100
79141873457
79147635181
79146834937
79147574916
79146557757
79149341716
79147413480
79146996278
79146982272
79145253041
79146705460
79145243027
79149039148
79146428566
79145471992
79146739017
79146820082
79147324388
79147094283
79147031826
79148027633
79144111052
79146702050
79143443318
79143715151
79146916283
79142060708
79141951823
79142552449
79148315472
79141981825
79146512245
79146250243
79141882122
79142011714
79148002737
79148407749
79146896008
79142074504
79141863489
79148870441
79146219711
79145553299
79146019495
79144165839
79142499727
79149074761
79144624628
79146983683
79145270054
79149353193
79144935353
79146401011
79147101001
79143559694
79147016353
79142434028
79147756888
79145220250
79145444281
79146132256
79147489788
79146507586
79146475995
79147799669
79145884752
79144812481
79145620374
79146626751
79147721704
79146656245
79146310031
79148549415
79143234448
79144666999
79143679575
79144033018
79142142157
79143580330
79147769501
79147151048
79147638067
79145844472
79143790409
79144550827
79147776065
79143428889
79144132530
79143567161
79145907799
79146728638
79148001074
79146561525
79142405830
79147787900
79145291165
79145079986
79144475872
79147607477
79144035257
79145978134
79149085670
79143989172
79146538855
79146051030
79144735120
79142000250
79144068291
79146918961
79143980550
79143670332
79143137359
79146909887
79144911730
79147022432
79143938747
79144562328
79146887210
79144997887
79147243846
79144225322
79144076924
79144762858
79145482786
79142037734
79141850162
79147293507
79145611727
79145963375
79145013748
79145632251
79142138611
79146278978
79146752653
79145811999
79149351234
79141855350
79147493974
79146698230
79146295048
79145205337
79143343673
79149259047
79148281021
79141816791
79142920981
79149228210
79145215857
79144662010
79145762743
79146962725
79147798189
79147615898
79141886368
79147409543
79146822699
79144167272
79148369485
79144206217
79143733868
79142526429
79148807647
79144544113
79147060166
79143289941
79149278395
79141810204
79146009357
79141839937
79141930666
79144243072
79145229294
79149343437
79147052537
79143335128
79009548672
79522176628
79961797750
79142178757
79179269706
79143607777
79144023922
79146163096
79293982141
79287524142
79232970558
79144051105
79655913888
79170736230
79520489111
79146369513
79149111354
79144914964
79176730577
79062451980
79147573125
79144052181
79185898345
79146755916
79142041001
79956592313
79144533946
79655228717
79149330601
79209110330
79229389228
79051074002
79143656296
79990012653
79518742550
79147702774
79538212873
79147905422
79869857000
79148997949
79146878360
79145132224
79281770705
79262499630
79920064868
79177358286
79141998620
79940221720
79202924648
79145838709
79370396511
79148731314
79141811801
79507591156
79144058123
79144089257
79179773214
79297825000
79998005529
79675530669
79187848434
79143449804
79264667550
79205678364
79827101374
79805322564
79003962142
79149185685
79146757991
79802404214
79604590919
79142571624
79142601074
79151112884
79144404176
79626298608
79224563999
79144286477
79998167382
79146122045
79144063034
79145262309
79154825112
79681257543
79277146640
79530426779
79633098837
79153768416
79602646124
79242520428
79144463808
79185284405
79211838835
79517820417
79277855401
79093735815
79147977535
79530401677
79609385006
79241166634
79531894397
79087891330
79143902919
79996164114
79171377324
79528840413
79145484823
79215654596
79144077810
79204533480
79120436179
79272096342
79276721882
79379961950
79083155290
79080578814
79502554402
79086636415
79167474220
79873533545
79203723967
79376759369
79218769024
79626207327
79217337554
79220689547
79992337981
79266217982
79536839193
79635068968
79271492473
79877593770
79166278414
79265871572
79994434701
79151944821
79991850434
79216863201
79517007348
79536086814
79241336729
79897137657
79653247671
79163940516
79271244717
79687975117
79508471727
79644729104
79657067907
79036922317
79268934898
79516875393
79326170589
79169068447
79370412015
79324237341
79633351347
79501326561
79777213116
79244224041
79824170085
79243037909
79603250931
79213573178
79274972107
79159895666
79223823061
79200269543
79227695321
79898058517
79202025745
79516876976
79536449077
79639414273
79631638408
79521668401
79177777960
79684041576
79999739197
79276277961
79164720021
79141580048
79650014274
79505336533
79169734678
79994227295
79241176257
79247551322
79231319455
79265829069
79066117606
79650942348
79675104899
79656269977
79214502032
79268862410
79648490750
79842937286
79253232378
79298314482
79787556058
79609631095
79277191107
79215509414
79532177721
79873997833
79234225560
79222875214
79214689883
79613594555
79892677756
79174352580
79213094527
79244951826
79193002439
79247253286
79653425462
79190428821
79282039191
79625997049
79172356133
79642259339
79184285119
79511862927
79227845119
79965608304
79911197212
79834628165
79187636495
79371731441
79655569597
79641078605
79296799771
79058253554
79102509909
79930144602
79374915750
79503458475
79537147024
79656121820
79851744585
79811982066
79277932092
79514823617
79282121870
79280354247
79185220375
79248540987
79274802558
79126734835
79281870667
79166067320
79523827259
79219097348
79296946081
79898266950
79304063616
79157158246
79620192146
79174988628
79833087273
79241895529
79232336727
79940060974
79184409607
79509299960
79059717978
79292732691
79216440769
79967369076
79823602150
79308456582
79216404255
79892940728
79533508362
79226304112
79165956593
79290120292
79636716765
79251120873
79841927815
79372314414
79851960088
79185304679
79529234228
79773270186
79854407665
79170361490
79622642409
79187017724
79832677930
79221993687
79609210379
79889446952
79509845453
79163478426
79259982763
79534371129
79529088966
79228715916
79999864473
79282966769
79241976406
79500182890
79198322725
79539530051
79273828005
79967453223
79167569878
79647410670
79370757220
79532603507
79607235556
79371882099
79873594937
79633253171
79212440794
79193338934
79281616636
79779497646
79886729939
79370868717
79858098614
79218990527
79281734460
79185721050
79199033059
79616827696
79636418559
79294367844
79234811594
79117184085
79274394637
79878610849
79529558397
79385352029
79606881457
79276395881
79525304075
79277864636
79149480304
79147721791
79518159017
79231580877
79309262177
79538841956
79658792185
79171912194
79656482521
79278924315
79216028819
79676476780
79062062601
79517401760
79514697119
79827106977
79991717078
79182166951
79236618492
79513009957
79210385710
79204438338
79379984555
79241632797
79295941506
79618752589
79841330655
79378141395
79877451722
79911197418
79204285044
79994151237
79157424220
79633580251
79631407417
79035621668
79047561774
79270043610
79535432124
79242182363
79313600675
79242065972
79646854626
79672694614
79202955648
79177367662
79132167751
79623782555
79045739380
79628108387
79772594621
79120330334
79601776462
79200066276
79236454612
79530389917
79243112860
79184613246
79531142564
79205797548
79525194094
79967747313
79144214135
79667955395
79175149954
79515980951
79179845593
79201590176
79298494234
79253391374
79262464762
79381626274
79816500614
79142973791
79841768108
79646539710
79185220410
79656450012
79242511572
79641617701
79213334964
79286388154
79372093700
79235055340
79535050890
79506455217
79625003090
79233353477
79274346429
79624597141
79604715385
79961858754
79218495934
79139187978
79265189370
79242846777
79304720115
79196452956
79609125543
79641824309
79160799380
79092099905
79831395251
79068726390
79264557978
79287132400
79881597838
79181722293
79293451245
79535016214
79502091121
79501498679
79215850244
79994902109
79299847190
79788228660
79029752525
79539727633
79236743770
79538266737
79969212260
79520655105
79508910912
79174517202
79220344235
79662809338
79629497239
79525979877
79196194711
79856381314
79897157826
79289051510
79851902848
79879880847
79234747431
79645682695
79964170879
79871410763
79045965170
79965602539
79180225236
79377195379
79835278363
79227028165
79134608359
79242315703
79184347925
79251939552
79506413596
79612078731
79296370907
79208797112
79236265333
79086527225
79235095674
79168823252
79644354522
79224021266
79639410439
79372554346
79219616091
79190649185
79025164777
79533421034
79881127446
79219710616
79184460202
79175562904
79281135890
79539209920
79298178118
79643910101
79509989612
79531321525
79525968938
79039974397
79870430319
79876507842
79622410332
79651246098
79506581310
79210696960
79277385081
79514400654
79529061718
79822729119
79533926300
79326039505
79178000159
79191105754
79859911664
79243661557
79535086592
79653560651
79602023985
79053098257
79534221758
79003882323
79158941526
79284061884
79537575278
79276159630
79535882075
79212302263
79992617070
79959169921
79998467091
79161022399
79215382703
79312865413
79324815329
79618484972
79162625140
79787251119
79271652637
79135290113
79186478025
79372255649
79146993968
79536250024
79787506165
79216563354
79226177123
79961753699
79280103982
79188371234
79128655871
79995354530
79214178819
79639420128
79153786302
79531263007
79372752650
79271560440
79270919492
79271496305
79526214584
79621169897
79213231968
79268923887
79262919721
79286155860
79231135525
79857289921
79179612414
79267697301
79521724688
79234195661
79211888018
79033888720
79232971337
79534324606
79381309995
79186930475
79145670266
79961912412
79241080448
79500482578
79243861713
79139227201
79169010556
79213316771
79811647415
79892631673
79046892837
79226026690
79656447702
79969583289
79184157364
79788126177
79506559755
79271816486
79193807353
79620532975
79521721535
79623240118
79372033539
79241947280
79289026439
79533463289
79644001143
79997650997
79502026192
79209605016
79822621538
79275705447
79372963667
79867638490
79383340767
79241984205
79881166571
79537099536
79213244317
79276353757
79219953347
79516094819
79009337478
79534246212
79511047755
79621543804
79170049646
79185158805
79876933180
79821962511
79833440830
79616740984
79159137838
79779839196
79831598908
79832785428
79853015290
79217954542
79534160536
79246469990
79502989251
79525330803
79242526101
79963039568
79175756383
79148609199
79649988502
79600890347
79193163002
79994758801
79142070807
79055550537
79242577600
79246268986
79190792663
79528813974
79254568821
79649912031
79217716627
79635108837
79516249114
79308065135
79126751917
79162173739
79778856125
79177970624
79648022254
79225700371
79156874844
79788531021
79170436976
79288481503
79041443115
79775858629
79172554252
79236815484
79627110697
79510840034
79150542989
79800138199
79296051921
79206355398
79172439034
79964189563
79172526950
79242020096
79370743500
79607237626
79524337546
79515357315
79374711385
79152920752
79502744328
79164725325
79538938560
79194601343
79625013983
79503359600
79180504979
79099085367
79990885334
79689529550
79962590901
79885808864
79853508853
79609817145
79539119205
79951814971
79683531319
79321105555
79273295106
79215215850
79246613377
79811646157
79870317007
79045337759
79822677151
79154015058
79500196815
79202536405
79201567552
79803079404
79175522827
79525410318
79276401816
79169080908
79520991603
79621864949
79518236482
79996980570
79818074384
79095914641
79234546513
79507548095
79615023017
79299771136
79684564471
79629566724
79524556787
79817774416
79236899664
79203589095
79501049422
79232654401
79006452257
79996067901
79176678927
79269025357
79155525811
79149393828
79803501952
79166633473
79502836621
79373430993
79507592791
79241838692
79506390303
79824657241
79216362629
79654672791
79290140333
79629981950
79272379832
79218364430
79209086396
79851615900
79531934507
79851297380
79964123295
79035550108
79181328884
79637599028
79184063881
79293131705
79536784170
79511583473
79628370966
79127082478
79312643640
79200030554
79231473090
79509991899
79206734786
79856244798
79185976306
79204071412
79645796644
79779207137
79515888101
79192264528
79630343453
79277319440
79500873699
79236191270
79153198844
79156124420
79294792202
79193014999
79289568360
79534209037
79523804678
79536686939
79152744626
79308016713
79244401666
79242128334
79279144675
79089279318
79371757210
79232202190
79180772770
79228528781
79195536727
79027288839
79092563877
79644067983
79198362909
79319702669
79502723918
79272808482
79623100094
79634770262
79241172679
79388820226
79883610366
79998619324
79247696920
79172613753
79195504007
79517565465
79886047130
79667665818
79242119247
79175199146
79963881981
79384216412
79189134322
79384150081
79585555548
79198071913
79652349240
79518735876
79156311813
79187473982
79781388563
79876352204
79287710402
79998241963
79273855768
79829135761
79818066591
79516071793
79290005114
79241883690
79807287340
79217448207
79617093311
79600001622
79245277901
79188946991
79244956409
79787682818
79143796946
79247291594
79116628142
79273803868
79234687911
79232354774
79771856212
79241878814
79201363247
79688432829
79965107875
79214088385
79615397324
79379328465
79610743786
79969119790
79856473857
79771249188
79174886926
79028345924
79507762876
79292505292
79155805404
79253345407
79895069564
79315381909
79333327008
79787892634
79218828152
79536092019
79885691171
79153768345
79655466336
79162100824
79885278336
79774163644
79514630582
79254559919
79301814512
79529229064
79186912787
79511401928
79621820274
79773274599
79511789027
79500907797
79826229119
79030461678
79782788007
79817867552
79871376065
79196392222
79518129555
79528316064
79788157731
79261986361
79508382882
79537054280
79221094808
79119525006
79223105862
79182587089
79532485019
79220369202
79236009297
79787697903
79242308558
79146197170
79178812707
79841599869
79168125697
79620352929
79271121444
79879436481
79313115306
79508661903
79242544457
79600958098
79171673411
79262213458
79164733354
79827837753
79930024565
79537524543
79157846551
79630407944
79190413709
79615778150
79199339672
79169971096
79111039347
79210956873
79210802417
79218155779
79684999739
79241272736
79656447280
79528073693
79523434128
79288836546
79227447594
79224793640
79532216813
79825511239
79537921085
79289285074
79214556210
79269032501
79206161446
79005381205
79032886768
79006968383
79678249359
79276093603
79272516169
79992094939
79217787868
79168867825
79954064394
79996516281
79135674633
79517426587
79527781175
79261789574
79533976544
79275598115
79182010110
79153819577
79248319333
79156351380
79276579590
79267767460
79677177470
79509752257
79995343585
79154360455
79191259924
79312800566
79213174759
79174037874
79628107463
79158412961
79997832854
79874830367
79270012206
79126298020
79523390475
79182936917
79617011220
79788570630
79655372186
79617415358
79913216731
79209097307
79892694588
79123003055
79586221251
79611094473
79851410766
79270279669
79502810819
79195903019
79156764898
79500115516
79887630452
79923536346
79827489939
79138784023
79241055045
79019014909
79528044087
79537621102
79644387764
79614107245
79217071921
79220335856
79825026384
79831925947
79295802957
79507307811
79196849611
79619158027
79788395602
79880897765
79501642408
79507714240
79246281688
79527945241
79503163998
79377988265
79818885431
79185591381
79139915620
79211187796
79068122751
79801855206
79089089240
79503152136
79225504614
79275940610
79617730216
79222893561
79501266349
79224373476
79962399207
79219381576
79307431138
79270357604
79292967527
79827548845
79214045687
79811529116
79290070777
79651582811
79613033403
79217452669
79853477979
79228637273
79854328754
79042818743
79248766611
79617751895
79241621642
79150028556
79627623521
79152562848
79234746245
79217433242
79272773600
79671404312
79184031613
79520851370
79185618601
79621790626
79502967003
79624521598
79990377867
79600629608
79291375830
79508719886
79622208660
79871560636
79607223663
79195862071
79179314302
79179469822
79510953312
79170652504
79151965562
79307073730
79834452705
79042139802
79068655886
79144590717
79501626235
79817219633
79511796125
79539042826
79517489932
79872907988
79264475138
79232748740
79255064809
79521865700
79520396882
79244643345
79185021024
79264991786
79535647550
79636976493
79251463058
79632358085
79992777249
79780466959
79214828388
79241723386
79537895801
79500711521
79609852209
79194177072
79174949270
79269870767
79171961014
79536415145
79307456098
79518314640
79775715682
79272112473
79841048459
79879040331
79144310540
79510077787
79852971207
79963803200
79532495941
79621231075
79510833130
79273233956
79373257585
79779552093
79619847099
79183359500
79219100120
79650091390
79185299318
79163338644
79186829213
79160443165
79155628053
79654637975
79625571742
79236249798
79529377778
79832637822
79624205688
79826572547
79319651610
79175329287
79214579226
79774497767
79385284048
79260008722
79381115137
79045414130
79621527976
79294033145
79871886547
79271904569
79241026313
79134760595
79157451490
79195199492
79878682781
79991300316
79788532114
79538650224
79266065708
79043722965
79081342391
79191941534
79535255028
79333009323
79608585122
79224407218
79517914916
79244670164
79990708780
79263485888
79132950916
79841104994
79517805473
79515470804
79241000807
79512173984
79539589449
79806390569
79273220206
79223892321
79232191831
79841589972
79533065849
79234452615
79632918551
79964278077
79371860562
79821033059
79641135408
79647678216
79190507029
79280064691
79195116014
79508718806
79048741051
79266787675
79041154677
79505257121
79527214223
79532579948
79892949500
79242648060
79508543736
79004332533
79226122401
79811565655
79964596466
79244653426
79787689631
79506233573
79536038052
79500977318
79818022344
79206655322
79190228812
79515917551
79266636315
79806822746
79180553373
79516378522
79639239920
79224574589
79885227310
79221120013
79807134031
79832870233
79381350005
79235658665
79014583504
79883206497
79167458434
79242429746
79231484247
79043312711
79246083248
79207477057
79610609032
79829213961
79516187944
79832567725
79653196275
79160156371
79637483284
79134225228
79208051581
79232050924
79858272995
79274306285
79191408237
79060000092
79243815167
79167736630
79642205756
79632649520
79788131753
79166047888
79877332856
79527790726
79871850778
79991623650
79631974346
79245358501
79199439242
79532963243
79619889798
79159733223
79994626425
79154649718
79242346353
79616084949
79510066688
79534247974
79196652122
79186702432
79204443884
79225711041
79880649993
79841708814
79183680839
79150436242
79149754551
79277659202
79226528394
79102139191
79208454970
79017693972
79166469919
79510903717
79136294197
79191955024
79533936598
79503369038
79502028662
79379767873
79221093910
79510181301
79842776544
79169803804
79221140650
79129598317
79009168249
79381450242
79537380261
79206733093
79209046734
79372252297
79516772960
79225637016
79154310183
79275280329
79189821756
79534896933
79639762887
79202630433
79994409478
79531001463
79307103355
79649839884
79787977011
79828753390
79643745417
79229500553
79802489590
79996041652
79625558151
79220555445
79183324799
79277349261
79234008890
79517739447
79009150336
79516446333
79245638485
79063753595
79508504918
79215658880
79517810912
79025558554
79998278655
79242221552
79504197473
79626730854
79501894734
79532158255
79154860689
79856488990
79645056007
79146975794
79269484972
79834032303
79149702564
79536725330
79656591117
79961337002
79295943162
79603690491
79635224899
79529345758
79213052566
79150905341
79173441369
79787462840
79632103555
79515807540
79374651565
79830500092
79144657493
79654500764
79376342343
79233733013
79151370643
79149760652
79509059482
79156092942
79190535948
79304132636
79262854519
79250528766
79513866824
79159837610
79167011405
79217682193
79161336207
79521188837
79313033305
79674198891
79515401181
79209530109
79531510835
79206751673
79211325839
79166155350
79244201869
79515009552
79377106000
79159110962
79198154713
79193669622
79242008480
79213348595
79832563611
79228186108
79643811206
79537972491
79091371602
79607961314
79505907068
79263590002
79308095929
79199386696
79625709017
79209229186
79525961924
79833552929
79246084646
79637649820
79159719788
79522968552
79836992453
79960501075
79183519281
79088770239
79138781126
79053267463
79229313233
79534379412
79531086992
79165127597
79097562234
79814671470
79656011961
79602483495
79963575641
79600660411
79214320873
79277566075
79281978869
79961169252
79898116111
79397030555
79624051011
79500467045
79657663004
79952389631
79184006090
79522025321
79787113541
79191858374
79644494538
79626755855
79183218455
79604537040
79265759698
79994922521
79274782372
79044915099
79378005929
79520618390
79242846856
79964241140
79103178275
79263344203
79511657406
79500529813
79518155541
79649044004
79172458440
79027966679
79996308338
79217573167
79158758009
79891314316
79281904054
79511897375
79269388058
79242402412
79501370183
79277675990
79233088605
79221550224
79265200825
79536016198
79263391832
79192313059
79231441464
79614611370
79534959943
79232856214
79189393613
79221613022
79655019913
79609329995
79882431669
79912474137
79210404543
79615838000
79236541441
79528050734
79857692338
79817992329
79279499177
79378781273
79513148068
79249187936
79502734272
79151401718
79192621546
79604959506
79676331865
79659342563
79190171860
79501012379
79817827186
79806635223
79528921451
79303560522
79525901648
79831528629
79221949272
79529432029
79373565344
79224026735
79618188247
79192688218
79182129147
79502950415
79193008370
79290178491
79630005004
79228781820
79629572595
79237296734
79204134180
79284541863
79120717751
79922115916
79885528343
79213782529
79246796218
79321294039
79998190186
79172602759
79212735346
79233383380
79279631490
79822585358
79219835750
79243014528
79511226077
79374818251
79516041659
79067815633
79615399109
79160638139
79685754343
79776279597
79619886121
79500547146
79600088811
79234621252
79990841948
79155300661
79601193995
79998138386
79527374489
79231040544
79312010865
79248225262
79211401798
79005840221
79159958110
79217155567
79241757795
79226582949
79954104617
79858259747
79219481784
79274749320
79242372047
79516908713
79241666842
79508717263
79276856002
79201111269
79218478166
79149763452
79513037509
79883996945
79621507047
79500139402
79375512620
79197445947
79628621511
79636667454
79274578347
79026575619
79614542902
79374486181
79226056217
79181665831
79537508358
79030449009
79255237674
79518518181
79202811958
79534197267
79155581255
79244952961
79787124723
79529451509
79374589576
79296155210
79630275266
79236592855
79530093458
79244663578
79532353897
79967225458
79871145022
79159927501
79220318069
79135026868
79992507812
79234900850
79600772052
79023805711
79286356727
79523713547
79186446037
79274557273
79841369316
79514450000
79506595122
79504389798
79963892295
79533866611
79834470600
79535294597
79247913478
79182784809
79994539033
79210010201
79966396120
79181515626
79293610406
79275767995
79064046807
79242157620
79022775171
79509616060
79994601776
79141871609
79209366603
79536190322
79638526933
79625130921
79089160858
79165549654
79213665346
79224112977
79057615736
79778273764
79523324664
79505120644
79187707474
79215545542
79246630402
79995384824
79646862325
79236065418
79677779507
79524164712
79226160747
79122104939
79823623065
79967794348
79032240103
79516731183
79208377877
79171142397
79525107191
79629003007
79889510589
79520479901
79528755371
79222019928
79630547148
79287043087
79214224077
79605946908
79649008853
79324272217
79333338318
79204685156
79999807283
79785711947
79616024341
79831554485
79829765318
79996334254
79536246838
79897089981
79505807020
79181511385
79774971499
79962809632
79153347811
79788238157
79788465052
79242854266
79633195121
79266057571
79210529888
79304384193
79834640505
79771965590
79500564605
79091785133
79231005846
79964011529
79185354120
79969199307
79228291160
79232319162
79241187341
79043573463
79313525712
79194885532
79177471974
79686011441
79639977725
79217341906
79539339933
79183226098
79204548824
79514221183
79506990688
79271806850
79207773588
79507558083
79244237768
79301026074
79523231364
79049613686
79241171627
79138006162
79521513529
79190528080
79275347412
79509550768
79262282777
79602574142
79241670290
79518590454
79996549528
79635016349
79822771158
79659937099
79522184298
79174660748
79222095670
79261649490
79880770445
79158059120
79218101767
79534011540
79046121146
79655692305
79833171110
79638108836
79500414854
79627326481
79181841013
79507751482
79689523808
79263888853
79192507566
79217784844
79216490908
79522355948
79266084463
79508524461
79207827922
79788757571
79854429162
79645553159
79166409823
79841423122
79241814931
79969217524
79121180983
79529693300
79372548620
79193187831
79379730745
79173607928
79179239729
79871538029
79514718852
79227912400
79242854491
79178073423
79502915412
79173405090
79167551442
79697020898
79637841974
79214562812
79236617228
79603368917
79991058795
79617233113
79525059025
79996010420
79651180440
79375504289
79210405401
79280684270
79162861292
79375759029
79373034122
79603709848
79193527734
79175189006
79266213326
79313379247
79802473771
79857446690
79676504896
79521198119
79164833576
79242545520
79372251735
79184667689
79066081000
79234707516
79523288588
79518354760
79393948982
79520896047
79171408781
79166166041
79196173222
79811777060
79167979549
79064107069
79265613163
79963230855
79534348877
79517850339
79236134121
79296744830
79371828253
79996192803
79990262906
79807282426
79618458528
79263330820
79536972555
79619569636
79301547986
79995495363
79216523615
79192459610
79773214272
79344818229
79212704917
79170854521
79295492927
79198962820
79500318594
79190091313
79124238166
79187593059
79585114283
79384068693
79781057751
79618901855
79227988991
79997801225
79098199016
79156706181
79841887111
79778027464
79124117137
79242094680
79513341808
79881489931
79173334730
79920172851
79203765446
79527405949
79204697919
79881199591
79033213120
79883698465
79920258308
79152355321
79240157477
79043827991
79539172512
79517329781
79246916461
79966363875
79964467692
79184583695
79963836420
79841114202
79172623930
79242712881
79244836170
79203068822
79892617093
79177764968
79511395713
79242506020
79065321633
79502090359
79969665600
79811960130
79192061370
79998701128
79534348169
79183868797
79226547072
79625657909
79529033300
79217409680
79851880052
79212271419
79525854141
79877042410
79805616708
79037832497
79658719575
79608874543
79996295087
79169701667
79221727710
79133893295
79509559262
79654653945
79177188520
79117416001
79296510882
79283573847
79234911283
79516459830
79991683634
79528260237
79175197179
79009521664
79875878721
79856115865
79778805082
79654771326
79833249112
79214581851
79393074469
79811242658
79525543487
79506506276
79270402028
79877553969
79994209808
79189890187
79778088629
79612498539
79270130408
79647041188
79219382978
79375123242
79216302955
79139182285
79822613746
79266358922
79196772869
79653053232
79650874045
79774252343
79242181951
79224284975
79132871777
79969525230
79625000176
79272234177
79525838204
79216480963
79218427830
79212521244
79241119030
79529246768
79992447770
79772802603
79234665890
79517370798
79818322513
79172529388
79198066948
79539242464
79372129364
79166079037
79517684707
79530023075
79186023537
79514848702
79127546994
79649047315
79788758075
79200011937
79313368432
79836369879
79880631878
79513666800
79890382238
79523727849
79779110293
79030068398
79299480249
79086300286
79232555450
79208654590
79779395216
79171875037
79222253656
79202121799
79161503995
79282928284
79214554394
79877548903
79644754485
79609515997
79517739793
79220470606
79243626523
79135025924
79523792773
79303068144
79850072636
79217772367
79155740319
79662807061
79227837328
79505468085
79627525231
79657143000
79627707869
79513720395
79377956016
79142809853
79525332661
79531556411
79605816026
79535017932
79028007585
79277195580
79312304062
79609182618
79253039019
79536118195
79194453752
79504323087
79533458742
79687148805
79806556805
79209165002
79785163180
79874473559
79991553494
79510232935
79851712466
79195874887
79622813218
79184976003
79654699921
79775340733
79788789855
79789283579
79582714717
79528003795
79876173197
79206214780
79263803077
79222720122
79164045230
79281457444
79003887648
79676430113
79773788919
79523696988
79821841645
79524825059
79060871576
79537481519
79966363826
79214588420
79260383999
79213440907
79197435396
79199370756
79676182627
79227979797
79176546912
79611576049
79162002087
79514516188
79243186974
79657724125
79831151158
79189415412
79034494817
79175460450
79290090105
79538263878
79851575597
79161236940
79251890373
79171956554
79851864429
79628082247
79502888022
79811806383
79231178158
79049723772
79162342966
79536545019
79632890111
79173774698
79501903373
79777092597
79631036397
79585153300
79529196997
79170854812
79641072727
79628202212
79521893272
79384123890
79677577190
79516445722
79155193641
79283536318
79501322176
79605173067
79236034006
79232894295
79102772285
79684043407
79381441430
79538956205
79186702601
79153917001
79301644616
79293944193
79174441615
79778119703
79501083705
79872968121
79243181500
79872751814
79644268240
79180507115
79214119242
79636281685
79236320092
79276817921
79892881774
79785178489
79504238039
79094183125
79313871340
79257105785
79803734288
79832249939
79507315396
79520575700
79887123167
79831603497
79098742274
79231410923
79281377586
79167396751
79207411291
79591811513
79170252437
79687080838
79217532400
79527489079
79207734058
79999213984
79223827551
79661094109
79161793973
79234113577
79967718637
79503299801
79282140952
79171352818
79616375179
79817369808
79527917784
79614377733
79200442227
79517372583
79673102020
79777311315
79224857707
79234501530
79220533988
79063194331
79528037600
79262492235
79533833063
79817984682
79997845157
79600031618
79635413969
79184737778
79049202406
79993785152
79897607417
79291115474
79841104768
79206563313
79511700868
79867369756
79157969022
79780568495
79195210700
79649311871
79224677564
79272950291
79172717869
79164830331
79505781926
79612453050
79213091673
79248295262
79183963063
79894950900
79154681013
79604957782
79639331559
79237457848
79393884667
79528025011
79915293913
79836052762
79802652793
79061510737
79384004242
79776748297
79655006121
79201013152
79271336809
79206547370
79610577700
79205678548
79231559313
79229440377
79602572841
79221299679
79092669468
79313225234
79505852120
79780224941
79243163381
79855836447
79268262881
79508402771
79531321540
79508000225
79231424209
79227552605
79214190069
79173360421
79623372577
79526015448
79871598463
79990890189
79509051600
79515540959
79600272222
79508668910
79212856094
79780020536
79627937166
79515580901
79237103334
79964830807
79170874088
79242626378
79954038665
79214074782
79193035015
79124759454
79896335230
79217895025
79969218180
79618701436
79174037734
79161322902
79158145337
79377126792
79169295499
79276418788
79200868840
79176423309
79246783040
79182076971
79535659998
79514977549
79991409160
79232443069
79653860205
79539563203
79527179876
79173647484
79649041927
79281614189
79685139766
79501200060
79265503040
79884782084
79208448445
79021499846
79040745935
79169078284
79823148001
79822037932
79523815020
79819881370
79293224456
79300707853
79194823770
79884154334
79227251384
79159865027
79188935650
79188646467
79504204044
79607107057
79184848650
79510608585
79500074548
79609979167
79235168545
79961303891
79304088991
79374688835
79110535117
79857202215
79215537385
79214388425
79204891120
79134112769
79833982546
79194093950
79525237363
79535575349
79230014569
79159041061
79803538189
79639265272
79777262739
79531631718
79538111248
79202749503
79940117684
79967267288
79267977846
79169027525
79622968040
79217542933
79634617153
79295384558
79256464658
79159400120
79600239246
79649002899
79965012980
79533530149
79219865037
79203367674
79621311302
79159992173
79155097448
79514791643
79174535471
79155335455
79215925610
79224361941
79028828245
79538692521
79163691869
79234678496
79185567321
79930034007
79258885499
79186902221
79246731158
79248888958
79289002024
79652866128
79183643971
79969228500
79811636828
79202849318
79183816103
79252624494
79531796440
79536578473
79220942415
79876759692
79522635970
79774798837
79235111906
79027302878
79181386376
79501158576
79644450249
79611169272
79881688025
79613609769
79655909930
79524936455
79294883404
79621607438
79277382277
79297884900
79920134454
79994312331
79241669182
79167650462
79683245538
79528899896
79293837735
79244881301
79205604550
79241531440
79996229505
79618688076
79209632000
79649996057
79237541528
79388787329
79612423357
79628170407
79223000952
79107389152
79622991043
79179170161
79271825952
79220691400
79209524342
79506819269
79505876239
79189325949
79138725829
79056515444
79535074759
79164172213
79277053088
79614402017
79378434666
79192778485
79204311051
79159856436
79160043737
79267516061
79269462914
79521098186
79216309337
79621148373
79263424801
79646840696
79289281658
79204294565
79609857915
79236472291
79241265545
79158807912
79193358778
79628810608
79880021979
79293261613
79156079794
79265930926
79184422247
79515646493
79789408715
79284592712
79992848831
79157446985
79501104407
79281373937
79046835060
79372871555
79788732866
79202405615
79969340989
79615161437
79775443950
79954104320
79537995849
79141510374
79629096136
79095977726
79535956171
79197276315
79897137720
79502978663
79835889205
79536749439
79192447427
79237650996
79528963251
79897110006
79898003161
79529430129
79629619957
79963138493
79523907269
79516007210
79171777675
79516246133
79203207669
79232286433
79607648224
79505834556
79607429255
79609560943
79292526353
79193941632
79191485475
79522212779
79511791249
79657032924
79518147612
79528898144
79643651271
79247033858
79179689655
79282626244
79954084550
79272031049
79188350550
79501115489
79626660074
79896813983
79263358527
79242254458
79324326964
79281300723
79204087788
79536814246
79306749484
79253134477
79059702580
79229316599
79605372797
79637211273
79275433578
79005895343
79619414001
79219213045
79181052032
79203493355
79643380601
79538276461
79208073307
79195046891
79532170001
79273444102
79512998588
79611156897
79163677010
79180035669
79622858429
79644391020
79193524469
79500055567
79510509891
79375129886
79627996555
79202319375
79236230800
79608936780
79034588042
79647800834
79963132669
79206264794
79326029698
79381657512
79185091525
79651933473
79229270578
79508057122
79635088055
79658001197
79520192215
79996197890
79831340288
79262856694
79242507751
79326190990
79206885956
79670827230
79260362558
79022842755
79166108889
79297278951
79662729841
79997301494
79514730560
79213598313
79213185236
79183195230
79509112050
79521778725
79644870547
79644373565
79655025962
79875288987
79785191436
79175029383
79511880578
79649723412
79625016908
79046654068
79180226601
79183991454
79883162520
79528773677
79208087865
79247292876
79534403154
79833875016
79083161240
79207561274
79242065635
79193482160
79160248089
79233010342
79819594299
79645058868
79149653863
79145536351
79511260726
79624311757
79031796540
79502506795
79952022017
79271558313
79371874577
79996430088
79313624967
79184600826
79527729615
79818048134
79872829859
79600856104
79174787634
79688824865
79211385451
79854215403
79217339087
79511341051
79261701212
79227064632
79519067989
79858756460
79963167825
79529124977
79533469805
79873875728
79833513248
79270445429
79878916424
79083002315
79165053917
79244655122
79826290888
79190359099
79194729261
79198843901
79221402710
79231595862
79183841914
79200080389
79206798418
79995621783
79646847474
79244355824
79250342926
79214196931
79990596166
79501053546
79156820863
79818625484
79180106567
79234265138
79103231472
79655307004
79224019033
79502690512
79303405365
79152338352
79528825629
79255152623
79991237524
79832486323
79132156837
79992229018
79281692604
79686044418
79215807572
79097060720
79247328258
79183470777
79041684574
79680228323
79237111565
79113353776
79638593177
79841039614
79377000767
79242463372
79517300612
79778160127
79286254350
79806923907
79212844585
79520253420
79182192836
79375151150
79962167193
79871270565
79528414742
79199324357
79198649394
79381283925
79652913718
79297194595
79254553539
79211496403
79254569344
79232384533
79817893421
79854555131
79831128571
79969211086
79621273012
79377955520
79213479323
79609731647
79176628587
79521338372
79508634090
79183372158
79156341584
79613136219
79963561309
79633666001
79876073280
79509628192
79234941014
79505909448
79608378897
79186670900
79203653050
79605091966
79512724769
79184929372
79525403509
79658499501
79177552255
79188566547
79376944945
79232349466
79517359217
79996501660
79372034465
79526345480
79618618547
79174663132
79516252125
79618584540
79301632566
79154285109
79245950207
79279496830
79040556825
79859876199
79787398453
79532386294
79262661203
79195618010
79520303093
79277066230
79153347716
79617660936
79787185407
79192322445
79224788266
79277508268
79025814828
79193038438
79670575497
79531191678
79241312525
79242297280
79174628043
79187731674
79588647271
79524360174
79788527326
79995705852
79205880111
79166091200
79137551921
79534355357
79522299109
79252747688
79923512432
79048220708
79626071363
79607216690
79178590551
79288000136
79518515674
79132340959
79525903332
79296770475
79996686000
79994658618
79515529041
79523847171
79511599514
79888646992
79161622031
79193964579
79538632226
79165435708
79142047990
79649406625
79050119918
79274889277
79885855700
79060374721
79182937429
79201411548
79833088499
79852713839
79182657400
79896251948
79213325568
79152344566
79224541628
79190136540
79509605117
79084545425
79282962920
79788722046
79826073868
79632433375
79852475620
79993768518
79185532333
79629610055
79243705515
79517138992
79242835237
79298530588
79518765132
79181599686
79275602749
79834586048
79312698180
79195598452
79185749640
79773152664
79524112753
79996814795
79044536799
79505669942
79649499175
79065232106
79201252154
79273249430
79236038920
79818374467
79063117701
79954180711
79262241102
79822060667
79517974881
79884898698
79162604051
79213483537
79659044263
79785976008
79271702614
79505510158
79054547610
79085883358
79229407400
79603433111
79609579004
79857667875
79272704038
79339918804
79375151582
79313543272
79531262072
79649378707
79533135874
79173886470
79885426071
79880934163
79520501685
79500915445
79963430487
79822030991
79266291266
79221369261
79126288270
79919402838
79531250499
79374425858
79281111446
79995208687
79998379793
79217472494
79835274404
79539503137
79514974245
79214314610
79510997203
79944221357
79153183209
79613473166
79602301118
79887271390
79128135651
79509215501
79196091503
79098971650
79532028220
79320981229
79788965485
79232434503
79098423431
79602116772
79654114968
79134142830
79204565066
79660008710
79059705562
79892965858
79374015404
79657870269
79112774095
79377158537
79224862800
79511480977
79519388752
79990826415
79299507640
79224815420
79852476456
79241950838
79058780842
79506275953
79163331126
79602905092
79166335360
79202445050
79220529305
79188763877
79212999713
79149404141
79535223320
79179215184
79278281738
79517725661
79160311038
79180003044
79610998792
79201228195
79297060602
79535122200
79515597711
79293353275
79507507897
79511617463
79272317071
79516457062
79779160407
79143495849
79998811376
79214111545
79270129934
79193852296
79183396747
79649104646
79816882111
79202418760
79629969425
79204089901
79856474006
79029811219
79788128745
79270164388
79853091859
79139910515
79027544154
79159418864
79370020075
79514173519
79659856583
79193067685
79222837888
79146618480
79506316578
79244637910
79397182712
79600811431
79005441095
79883615281
79208672196
79641422987
79236018665
79782406689
79601505292
79930018023
79235481993
79615851055
79645153787
79290423446
79298291360
79612179053
79805018695
79320995556
79281511238
79505581005
79301107354
79505957007
79516196799
79818331226
79526015601
79164376106
79114114917
79269399029
79681359022
79262489927
79518727291
79500551337
79152232815
79161569422
79505726210
79145416915
79281664199
79821909631
79182516604
79177631880
79878665767
79210394719
79203153701
79832702290
79772747743
79619395353
79539409335
79233366783
79300568407
79877877260
79274300902
79261734296
79100137224
79539567474
79528834354
79222211099
79188840862
79231587801
79215534512
79529406225
79230350032
79522640560
79506767607
79511035700
79253315105
79528064078
79155225628
79532451926
79025406764
79251944950
79634626923
79638248699
79996173423
79204672218
79171017017
79871058552
79526448800
79251073756
79885042752
79601810271
79241294470
79156642480
79534316671
79372002700
79371406031
79293028314
79877441232
79101430639
79213293938
79516143519
79108890390
79371445456
79630363677
79835748320
79043843151
79788632066
79629625217
79202647142
79508028756
79178721057
79827287345
79531928691
79219660621
79151500651
79873926618
79096116152
79617726903
79615276656
79184880063
79996201360
79530379355
79280358015
79998530223
79198422414
79255181516
79207511098
79190649002
79270396194
79883104501
79001744413
79609516860
79302788388
79533361340
79243370026
79622889884
79525549455
79178063007
79836246909
79375914131
79218405983
79825812897
79522485802
79247049046
79922899783
79607188716
79150188647
79237749032
79201068529
79315334915
79092392242
79910875587
79281606961
79653845597
79206644675
79671414447
79208561729
79222496628
79773749446
79276198222
79525900293
79195582690
79519512624
79209961800
79536094000
79507959853
79288568887
79262560772
79811266742
79517291283
79969634605
79787354681
79211419099
79370910408
79384228025
79173174043
79123011482
79782682158
79297831458
79156735808
79168441935
79205026905
79944153006
79633224585
79607907549
79232312220
79211515089
79283576363
79082995338
79628144890
79279858546
79658735753
79827135235
79324358030
79182023106
79276493367
79888415811
79805324041
79505600921
79373554704
79197093734
79522994696
79994970515
79953967122
79081358593
79223734350
79040503537
79183222246
79197957910
79883576167
79243512196
79376125086
79515633609
79508592923
79212454059
79157944374
79996210376
79194430399
79203582493
79200246373
79518338524
79171973003
79653634884
79520925572
79320922603
79318052145
79654715539
79134399505
79201018184
79532273481
79270662525
79995169891
79185609734
79500656748
79537877150
79990031355
79183088580
79539375164
79788533672
79516774885
79517802655
79603156446
79295892329
79875184383
79048023710
79539617004
79284202395
79089830676
79159300333
79526974536
79158532959
79081814281
79536259799
79841781853
79518211399
79953079972
79156998430
79267332628
79225249933
79502743800
79999776325
79260926220
79177240998
79817224083
79376958997
79213771938
79202033614
79226248348
79236222123
79623779399
79523506020
79829171238
79539390046
79650223234
79281130130
79222252880
79087850272
79213765571
79513097154
79832387303
79233580761
79173630571
79824405820
79612608864
79166760823
79503190119
79204492495
79176647099
79163428841
79539494344
79243542573
79200042111
79780427775
79818341697
79508959803
79507839980
79504464475
79147903928
79655030677
79538116201
79805488635
79221697938
79262852077
79271561890
79152767823
79827128061
79609445663
79222555822
79532676514
79186605489
79835540093
79627982131
79086502871
79246424041
79159014584
79299300565
79182340867
79871437838
79234316842
79192806687
79242201550
79274086275
79169695070
79294096777
79011517345
79516623064
79500345233
79923112818
79602934447
79154407581
79181775734
79277104286
79513008860
79661212696
79803880237
79215875021
79243629423
79586502940
79998235443
79208363155
79191977926
79507216321
79511898023
79529527096
79853084708
79629155568
79526513456
79620209446
79168492928
79502982391
79518379516
79999860037
79242501559
79533824042
79298893222
79206546608
79242049798
79811724406
79643307059
79823325118
79206515819
79186674023
79622227787
79205547987
79876716125
79213001644
79220394843
79524859446
79264775572
79300724380
79819467947
79537012818
79516144871
79616834065
79535261056
79312212686
79180166434
79161526781
79841677312
79182640569
79226917727
79585721933
79613642500
79507282478
79222632631
79217554887
79823415707
79835495830
79142100366
79531490779
79807013875
79771413927
79600127975
79185279373
79220421558
79143205743
79521193024
79606421323
79151094438
79159903914
79210133551
79384204886
79780541228
79186403526
79164662086
79295759040
79856906898
79220695331
79832881937
79213962169
79180627627
79772922787
79194611896
79373471473
79501845879
79165145092
79997157795
79146758945
79600384668
79771684802
79113403836
79538516065
79166325679
79274849111
79773549925
79320146186
79059929872
79533675266
79224564558
79199193599
79990868627
79229239934
79538367104
79161006667
79501049596
79514155956
79276882116
79533721303
79215450510
79533093211
79963766950
79185020755
79995291026
79178607093
79178677555
79217741685
79515577908
79174912704
79180635422
79833069189
79502073819
79519926991
79533569873
79236116752
79299888959
79242671719
79528851947
79279544680
79521489455
79965684357
79312664500
79174788697
79171877570
79604748660
79243154516
79156556120
79826542042
79176489121
79257374410
79262815120
79879334566
79633238983
79920170813
79536551109
79689096797
79274803355
79393136020
79852534415
79006775721
79651611120
79102239877
79963375680
79990219100
79184807087
79882372283
79993005232
79174028522
79251816996
79281100292
79204297890
79133980894
79872834670
79517468927
79536479900
79202041707
79041230762
79284132278
79213220092
79265247092
79179170877
79787119774
79215959477
79290768979
79374073906
79229106340
79539116932
79788538790
79193698005
79506099491
79254788432
79046702011
79514029592
79326183309
79606006838
79191453790
79655051661
79829454500
79199482477
79262823011
79513269258
79217905276
79633466021
79501956533
79159922047
79964535483
79161040603
79997705853
79333277222
79662904910
79290330963
79233483240
79775456454
79279711774
79639268243
79115587248
79627917425
79532434406
79609599157
79229829555
79313305507
79320158413
79203205883
79374472228
79633010121
79219588444
79151989790
79372167274
79685124980
79384109945
79374482704
79836247982
79377967428
79538092181
79226142387
79307068508
79537491349
79780676047
79236254243
79892968168
79518855577
79202968925
79591032232
79621151256
79150689260
79508669593
79261844068
79375465430
79116806588
79208679245
79516584505
79374002906
79202340064
79267024752
79879015517
79140190941
79174108677
79212740342
79144232711
79215032806
79510126433
79673354573
79193913089
79222677751
79517051956
79167151374
79517279026
79535224082
79519249139
79621212102
79053004007
79162359724
79307008810
79114118300
79266646618
79147464252
79374730371
79152943236
79177077806
79333000110
79204640528
79220547276
79525013935
79277807688
79162202749
79241364609
79603814999
79323203208
79243487832
79990702730
79511373021
79246898796
79531855170
79807159878
79199090001
79383044432
79961212400
79642736083
79522507970
79811531442
79782565426
79246814279
79823306799
79889514729
79234279547
79298158088
79611247260
79219892202
79169060533
79197203809
79642936661
79034595616
79521552540
79196883024
79293992096
79141770900
79507729809
79528131933
79217894453
79807516310
79198838785
79653148543
79622266700
79004354308
79286031098
79647723574
79606057285
79233718274
79859744909
79233082416
79209711858
79280835892
79244821747
79518635159
79132740390
79685670373
79817318128
79189302307
79375594712
79182512202
79607183130
79528258238
79298640611
79533902632
79202930119
79603259183
79616813905
79521680977
79233304042
79807380544
79191019297
79538808216
79284124888
79771053611
79531201704
79273328260
79273312016
79220688180
79192572702
79261839792
79678515571
79244842937
79969291979
79218613844
79152659393
79960556754
79152040915
79883189747
79127385650
79841460787
79962324041
79262848078
79288481024
79532621312
79236084846
79221286886
79242495885
79209589871
79809564230
79506585185
79514075777
79676562355
79508083847
79885347918
79529539554
79201662965
79117710442
79882576667
79955002774
79171289003
79611540400
79617001635
79878907408
79625905150
79618845113
79375191849
79258755588
79159428587
79179350666
79172052248
79500739238
79216418944
79104958000
79209092605
79774177545
79205753232
79268452242
79513714107
79203371560
79373981644
79874222350
79518943050
79194557680
79210363277
79265751544
79250752646
79822607989
79805410999
79877313923
79526012081
79182841025
79397503006
79618931126
79501059027
79787397774
79185614884
79518090862
79154142945
79045471051
79787280081
79534359080
79644272712
79242341908
79522978437
79193557500
79236160160
79267677505
79117797779
79268843617
79827271787
79892948544
79604059915
79213212923
79292364199
79500258746
79117795827
79161248605
79199928636
79165885338
79159008804
79515748975
79272893446
79261771919
79963313176
79507672213
79117858366
79181506165
79518142422
79667686646
79393751195
79833943249
79832636234
79228767553
79372658215
79375730020
79519789363
79516670770
79213918050
79193898429
79147488034
79142009151
79197491071
79080248038
79507428797
79228488814
79517218441
79133013813
79508689836
79895125090
79517901190
79219203332
79811462629
79222424252
79512437395
79172688674
79851441262
79627984894
79199199265
79232688615
79509594193
79040184956
79635037942
79960620620
79818012951
79872925002
79536541962
79182619282
79511272447
79525489248
79500160133
79152752320
79163438620
79022174025
79295578858
79156140206
79657863020
79800557242
79517639004
79221031006
79384327990
79376757330
79192344046
79277667529
79215707285
79689500559
79194854112
79510222757
79021365400
79537518176
79182017853
79235267299
79672432977
79183997037
79217585557
79507365782
79201018311
79159827951
79033692545
79530991323
79302793933
79786503013
79237982688
79216920214
79831039559
79151033680
79213205079
79204676507
79371606062
79278948234
79622849921
79520858728
79044105054
79874934936
79677822692
79523047741
79081136769
79628619528
79654661852
79997896287
79178817403
79206547016
79826760682
79522265427
79520419200
79940002721
79609457127
79778124134
79215967991
79204010736
79191482608
79775210652
79163481783
79033660636
79288140019
79510637535
79308171003
79780927585
79832028532
79254055332
79265504250
79179282859
79235246544
79513720799
79155583510
79954035171
79159867124
79521022939
79165980954
79885587181
79316001693
79620136856
79622858417
79670284569
79515550424
79526248668
79851952953
79229468686
79990600630
79515704690
79996167955
79134467093
79221506443
79922226567
79179346962
79210556352
79234629407
79219736609
79655374764
79822658365
79204423330
79513791126
79225920421
79610541510
79177243436
79517373122
79535683072
79372115598
79823882369
79223830066
79224144400
79851994524
79522153229
79213251287
79858358996
79634737858
79539676706
79606136198
79885033651
79508971632
79298439820
79231709472
79106210573
79161727901
79014836070
79169178001
79255061882
79276437682
79521473227
79242318335
79503840301
79163964984
79806442119
79154662612
79609162061
79168583165
79500765169
79213607921
79190007933
79167357745
79211629800
79787718054
79504215680
79196371143
79299583845
79273856422
79161641097
79162338743
79830001315
79226543964
79221881704
79231447310
79778060564
79254482054
79146472913
79509907801
79120531388
79600654949
79141675926
79671696545
79503413597
79536272330
79184500845
79164223096
79237760040
79537629209
79898306185
79889696915
79684422074
79897630293
79657921344
79967428034
79521330887
79083277008
79283252050
79313306869
79614252825
79524854904
79772775574
79832201915
79528027031
79178765967
79295553688
79183292609
79826743706
79272030165
79224311915
79059477570
79787624978
79520970281
79215580906
79385399804
79292570524
79511541245
79189156790
79517492518
79172926538
79613037798
79888918705
79036325446
79269588640
79995328395
79242024740
79913950964
79879906755
79186009567
79604663994
79871136495
79243650608
79877062947
79139146145
79221437779
79236374961
79964059373
79698069934
79201613593
79854568330
79089219949
79963844314
79266666311
79852731122
79882867180
79372095551
79192404588
79803573572
79509551361
79234977099
79265891964
79521719023
79207671928
79292636892
79520485822
79170907717
79529691964
79876138883
79171331112
79166757500
79522090255
79508989184
79833495562
79505445623
79996360186
79200222189
79217551756
79778595836
79776309099
79182631265
79263180008
79192356183
79196493041
79509645218
79502556329
79831752717
79221023330
79164938388
79688554035
79779625134
79518847420
79213993694
79614135551
79787749976
79505991629
79247117555
79246169110
79530555665
79850737707
79507625360
79500544960
79910784102
79610263035
79202519299
79922113515
79994482628
79608673011
79158579358
79242454325
79219747579
79615452322
79155302052
79616371003
79373200274
79059004352
79218729581
79198758464
79234388864
79165648660
79308031784
79388762173
79533677560
79132167208
79962056037
79199219869
79620477433
79182139944
79216542891
79245832503
79265441428
79286691412
79964706188
79167948304
79143221445
79236885514
79531548851
79622895957
79841474110
79620099393
79230393969
79507505883
79874984785
79667407437
79537042621
79227018095
79990657867
79233308354
79636969600
79530513472
79200211331
79190319140
79516536850
79198802030
79817395252
79619842937
79122131610
79036578986
79509524893
79217054173
79272582841
79182297027
79994534680
79173975430
79520449817
79842970716
79151488133
79180244555
79501961708
79149712914
79538885590
79600055221
79256944602
79243625464
79225300844
79824648232
79274036019
79515564858
79168830084
79205818305
79515152520
79514090681
79530790800
79622523950
79529352556
79196707013
79295193043
79095934297
79996417382
79154110410
79204134451
79515698967
79224485810
79996435175
79817900757
79638877989
79773153281
79213520014
79201958140
79833648400
79644920577
79228752594
79633275532
79613373089
79226119191
79990839532
79375104448
79502963673
79243007844
79656581473
79194921637
79241775294
79166733882
79295904133
79602481555
79628212935
79022734572
79250672222
79171555163
79516743754
79525279101
79622172500
79823875324
79258070087
79244084253
79196616242
79211991470
79241835818
79879457505
79212969197
79228172613
79501161027
79155163465
79525891260
79661425615
79885210943
79149110460
79510974994
79270772895
79899944985
79195123600
79536707666
79276593331
79207054299
79817379879
79243829141
79178872471
79259742705
79183141402
79141731224
79642222465
79154282925
79243743481
79174745515
79882568352
79508640465
79260936550
79397093209
79511165682
79059825124
79875882327
79371440182
79247347945
79243185434
79787195549
79789546726
79277734114
79521421469
79856370788
79787144083
79530544519
79613347172
79220113309
79154261798
79852975969
79197745076
79246863047
79281976931
79231699183
79511978259
79616611159
79294040012
79185518825
79242857517
79880438730
79525151507
79616794779
79224479690
79106221544
79313069670
79287696196
79518338871
79200321726
79537529255
79275910214
79532797700
79532357353
79150968494
79537418019
79811443616
79328433239
79202935292
79025762095
79648678142
79189222082
79507672827
79265988418
79644440914
79244647896
79530548825
79182004675
79169608798
79963563848
79532479998
79098305166
79955540104
79200969629
79202318189
79234166228
79200316368
79081998015
79377060914
79273051293
79829709790
79181401918
79872611615
79152077424
79520018510
79266566243
79624319418
79841958304
79514993764
79312990255
79887073188
79829297817
79601718279
79212450091
79198958350
79819617242
79842761607
79286235617
79204216421
79161130110
79523019308
79228435772
79082077892
79817698825
79161510097
79996021105
79671751760
79215624170
79236857075
79619835493
79509022540
79661995040
79384257166
79819537151
79214738402
79538864796
79510600655
79150729279
79991641836
79196318273
79881130409
79608352354
79520219675
79176788872
79293071065
79505483885
79171082524
79282585706
79648725198
79885318588
79964122443
79535221356
79179027150
79158413374
79210198090
79787168969
79883886041
79859840604
79600278998
79674591557
79518257047
79192084310
79923548130
79254716263
79264235705
79275723098
79995267680
79313384983
79186874624
79163814080
79204269464
79206735055
79184921494
79186678531
79204548548
79501136132
79153795052
79604847523
79219463055
79662068880
79178056906
79312088623
79228431642
79961736889
79271064440
79823387477
79310020823
79162872748
79211222222
79200615550
79514712750
79262071337
79538885826
79514771280
79234970701
79215207453
79930120719
79264239980
79600353602
79091359815
79648109095
79130909282
79511377555
79060514970
79964025795
79181379796
79241683390
79870026597
79232745460
79609815699
79283307467
79516740870
79293233518
79249901014
79054024997
79998596176
79628104689
79963324308
79510530617
79803646887
79262040546
79201682774
79788188823
79788533886
79818854653
79520525456
79171707381
79648253000
79648510123
79222115076
79206591438
79612898756
79618606052
79326161041
79833377225
79811624752
79650042961
79204380414
79537898373
79208717275
79115607080
79129532322
79178694075
79149476193
79277569507
79842817305
79606491165
79777807992
79282405797
79527682291
79204214363
79209070061
79511362993
79313630364
79276390812
79377700075
79164708557
79807137423
79539219038
79517005001
79515038156
79248244448
79608200167
79607270263
79851451599
79814465908
79182311747
79625486325
79634798568
79961605615
79819873739
79273782574
79218406032
79997218355
79653805207
79164898823
79182773624
79183833111
79333109639
79200181085
79275281501
79081323318
79628513615
79771219256
79940005240
79222981473
79992178505
79231687975
79213168765
79098402984
79236025718
79685528547
79189867920
79168057493
79068794845
79219201773
79875383894
79044464143
79528049331
79876103816
79867239069
79300709768
79619955904
79787822623
79265607226
79144419537
79225552565
79149735855
79229255503
79251112530
79393702659
79237998500
79529327581
79266257952
79232331602
79132225878
79263439008
79614502585
79159442001
79215321249
79200390957
79027944346
79505628670
79652826372
79232296407
79511311307
79775113699
79830770102
79539723282
79308757157
79179164858
79773932090
79517806031
79155994037
79241896560
79511761945
79608693537
79501152281
79533916779
79995209089
79646576600
79506596407
79533012189
79517490619
79822602043
79162355705
79273785378
79180777183
79520400710
79292513836
79512728376
79612706160
79181694465
79603629492
79508158800
79823217383
79211631618
79621246482
79523233111
79043775486
79231003710
79538337689
79674616437
79271353106
79517156395
79605874595
79897087728
79841335808
79880258995
79826111352
79276283051
79156791527
79200852925
79161069466
79242232331
79504492434
79518663968
79206239261
79168215053
79378349533
79261132502
79273079995
79144044929
79219673432
79189635301
79183398565
79183584117
79281641033
79632103387
79965748857
79507690777
79920197718
79852765176
79153087035
79633525650
79522522654
79772689360
79183759590
79894559777
79275080363
79613031701
79082982057
79137943338
79236013096
79200977769
79228530559
79147203833
79131638516
79056723425
79965011696
79222040859
79514989598
79281183720
79185529504
79822993501
79661826248
79538659260
79266144535
79137306534
79201865495
79120599561
79196180589
79997931420
79221723080
79969531129
79242115966
79151613539
79171636500
79164318155
79219657399
79292722543
79505018987
79242829943
79185890468
79875390189
79628754840
79647617357
79834053632
79880829333
79242037636
79200057922
79872106925
79262456198
79996146236
79210852315
79251338849
79258738022
79537788593
79788405641
79898008771
79633251212
79605601543
79159577792
79005561493
79805391129
79312355671
79515905488
79875797060
79507842893
79160666114
79133936208
79531381465
79206728968
79515617320
79221023500
79611589825
79870391153
79655264444
79678664821
79115859023
79375235961
79200432606
79897644284
79275130037
79187773993
79778569991
79115710146
79260683844
79508358052
79205876648
79675319687
79885462529
79525737232
79831841981
79507364342
79201008380
79502595895
79225388199
79518684141
79160808505
79235635163
79892289686
79190695070
79673005083
79535924292
79292137688
79193169850
79172631053
79520012476
79144162392
79282941227
79241738662
79223058452
79275195178
79992168896
79324096711
79267167393
79877262674
79299804865
79154101395
79265484056
79317014316
79201136473
79024456724
79161413125
79179156886
79377062590
79315858831
79511702848
79649545750
79788528824
79127992256
79525098511
79045820350
79500996507
79787714021
79503590209
79518709609
79773001903
79852300747
79501604056
79393828896
79149665707
79504636001
79281434094
79852351009
79152525675
79620371231
79227174466
79202158988
79237650421
79159737825
79623778059
79817514914
79237922677
79601321677
79827007695
79648996063
79302232809
79147491233
79227719181
79218858249
79274010284
79582492970
79887310039
79279592621
79222047735
79246333383
79505580893
79871348650
79963794933
79601030871
79287655749
79313572939
79681061600
79043860194
79187662615
79181894604
79200095120
79240020281
79156545919
79788642871
79835639368
79208726448
79617642261
79277223060
79814208033
79628529073
79103882255
79781679836
79528338988
79684445548
79517703950
79951973207
79217238384
79178239908
79771509973
79243588584
79253028094
79153528839
79158958973
79272026288
79502100177
79528041058
79885199181
79525059245
79186560009
79247719500
79231260009
79185582554
79778957091
79646855250
79156034053
79687397762
79183822791
79517423423
79872502827
79992390928
79788335041
79242050950
79181509876
79501583816
79777276254
79616829294
79529498358
79242694848
79229060646
79778598032
79773147916
79521101078
79537535215
79130631027
79171852290
79515808844
79237173565
79612945223
79189960543
79514846960
79969591376
79538590690
79141764534
79506305110
79162762212
79997680475
79648237492
79373203320
79176413997
79170249459
79836235499
79681907099
79206685774
79234075725
79527624920
79218971676
79897117970
79615071788
79197946155
79507645596
79234252489
79502943099
79275594744
79282519590
79642470358
79135925000
79156423251
79302843560
79818584058
79063769020
79625427470
79164999333
79302795863
79214339766
79923329515
79824885356
79165176766
79827339454
79308433998
79622875834
79818254285
79537536824
79301016983
79518031045
79276080381
79035029262
79177813044
79241094207
79033658833
79288437678
79533066282
79215629509
79149408241
79807412263
79185523339
79127677010
79221213149
79518759873
79530096268
79953322825
79098994095
79385063666
79279085590
79521526239
79187628799
79514535998
79152160002
79519169091
79242331284
79273230792
79891270677
79268201107
79523424254
79502883508
79509155525
79657778825
79506320861
79532452491
79296463469
79899875650
79085156811
79295854482
79201280635
79200833317
79221329091
79056054348
79536199637
79150354643
79193817158
79529406106
79623621524
79513059952
79529473209
79853380877
79585628502
79174935844
79249269696
79772831201
79601658586
79211507610
79185651973
79528922788
79833161577
79515259141
79511001924
79214521112
79535013433
79219375583
79323261051
79243156600
79159558099
79066785566
79163704002
79620802504
79992501757
79500399940
79996184462
79678027339
79523591183
79214842484
79167002719
79818954994
79775897570
79633598492
79533173900
79532104015
79874184012
79505204984
79676706070
79501202731
79965821509
79885584131
79377204336
79505714708
79241853844
79242400160
79230357225
79512187148
79870665210
79771451842
79175658939
79527690343
79210010959
79882810224
79155472463
79232852845
79502034670
79273121328
79778235717
79279563041
79374966987
79780346847
79516959266
79197307334
79261295789
79308131014
79523347003
79276338484
79528839282
79218205821
79502808835
79216446961
79995001559
79871483323
79780501291
79324365958
79854382821
79818943550
79151130552
79500841225
79235629705
79262733837
79101429172
79229897590
79829324748
79177651659
79888950755
79187536487
79531505684
79536589791
79827264231
79177801771
79244296839
79515715986
79525356887
79616718109
79178940026
79199509938
79583966330
79026042085
79155063991
79517253497
79511784188
79304088787
79855083585
79289272007
79231345551
79628138397
79622949045
79039444667
79083198060
79281197289
79876056573
79169921186
79199476650
79179348564
79287662189
79166632777
79532412644
79171228833
79857218152
79271752230
79166356408
79775301693
79923488825
79274409476
79214099291
79610202091
79237979202
79232125383
79818707466
79208050310
79228275900
79267579098
79269001412
79177759964
79375019965
79257537440
79605334608
79996710915
79277476987
79833867402
79180944070
79150070077
79787871371
79505069600
79831018510
79031462630
79197175975
79778996580
79222294059
79302709170
79537501530
79215458055
79146650999
79278120272
79272114493
79003645830
79258795430
79964894575
79821055709
79910973084
79609587110
79169609916
79179053099
79289829412
79518705605
79510642355
79922296858
79532820883
79273016606
79515460640
79231374836
79265338772
79286128370
79874221485
79502585022
79527896611
79658013213
79833866988
79243836519
79081294144
79513303778
79209759010
79152554870
79994035342
79670367936
79532327379
79525185302
79166464109
79245473824
79771994402
79502779971
79044025165
79536693469
79263862800
79539255613
79232377782
79279207796
79041697974
79534280232
79530054514
79525456820
79049606499
79632403902
79174100875
79324752057
79824058163
79246249998
79179297963
79185386167
79232335007
79115983060
79774259474
79038969105
79500921570
79217770069
79997750305
79619930564
79822174201
79610580580
79373428822
79147454000
79086685444
79538272996
79253301263
79036392253
79045018191
79995219884
79237317877
79273096721
79969123724
79237339033
79516974775
79261305729
79043725949
79272106982
79242442434
79961749616
79869321996
79995615501
79265881676
79221378329
79377786661
79284044993
79217992214
79178018015
79514502772
79244584653
79836103222
79658402084
79628044007
79184544364
79260626272
79923374207
79208659401
79876069337
79149830765
79511809652
79221851040
79141985326
79516851320
79155173913
79807387769
79614611882
79628920781
79381114973
79534236413
79086352924
79150153891
79518007299
79206168994
79244132924
79515916776
79780314822
79164056090
79534397235
79281595377
79260515082
79199066044
79660472442
79507414185
79200329373
79261403252
79605519580
79991003838
79176113705
79647398208
79219871968
79536717633
79609502298
79600665433
79192712737
79601623467
79892763277
79835243839
79506047755
79687651059
79234739957
79500707507
79538785874
79243759126
79025019147
79279773455
79199220989
79214207236
79315361406
79772810925
79059831544
79644589632
79266391190
79517945617
79859347845
79373035323
79154011977
79087993458
79233586895
79381091708
79233834112
79274036232
79517279314
79997869641
79172054088
79638381806
79823625751
79234442770
79004335419
79654153333
79197899718
79923346004
79601326777
79247308425
79163062959
79643443469
79197224749
79172435214
79162983398
79236715171
79241246417
79193586076
79089274577
79220528868
79268493902
79207311500
79644199985
79192100750
79246736120
79994514436
79515281243
79644778515
79242193156
79628520833
79606334210
79521210349
79130194405
79879264533
79833508226
79514476718
79171210108
79200743153
79267859587
79185160837
79231159691
79045116330
79156837485
79268008155
79523451416
79645404822
79222623875
79183851133
79230377937
79056515209
79832188771
79173014427
79241539780
79173551470
79634635060
79174471645
79657257216
79857690479
79630044682
79514530364
79115514367
79178669365
79874748999
79516937709
79158952711
79527969373
79272806585
79050228398
79374337370
79393974831
79785791587
79602916076
79507235173
79261448873
79198883853
79500438175
79501635290
79134573125
79197283122
79247302706
79056597702
79601749002
79612229168
79307975022
79281652328
79509207501
79339305855
79055614279
79507380088
79635755899
79621423557
79217669143
79274894085
79872875893
79111567888
79832741943
79652057615
79532518366
79831716232
79274624505
79650700021
79261803960
79610878441
79234441766
79780104397
79142439291
79260962963
79231169270
79536364183
79537290173
79222455858
79272422851
79672295521
79248481077
79680139288
79265917715
79043796165
79502092722
79814224219
79651999943
79635210482
79930108031
79378031100
79175563309
79524845256
79033735246
79872789657
79155484439
79871946411
79272546762
79162338178
79514138391
79059166312
79198795499
79215274381
79533868136
79879933110
79117439060
79635042177
79883413826
79113594260
79158550201
79154149984
79212124647
79992435902
79657880445
79172057049
79816883847
79771625876
79219567292
79271722710
79523740389
79500876627
79205141400
79181139501
79628802988
79202581146
79139095181
79000739217
79181704613
79104203566
79519463331
79162375061
79221262336
79125630008
79524645654
79304185974
79878619095
79234959535
79164246949
79200131745
79526890173
79032669326
79265304559
79220266492
79187907586
79608453777
79181565243
79503302433
79520649618
79632716237
79644569924
79609676421
79228550467
79181036572
79207330101
79880895917
79605063450
79876560571
79310021983
79818890759
79213365773
79534783649
79277892660
79199906089
79854354088
79528246044
79628339352
79833986493
79150969274
79153065919
79236490076
79534421561
79174548912
79178591110
79634809393
79822467404
79222847471
79287142595
79643908193
79069000084
79619134803
79204098800
79081075033
79281110477
79247314514
79242018507
79997167828
79777324575
79149698088
79155025650
79313786425
79515330598
79242232923
79612972550
79169734168
79010047658
79284298068
79806924390
79165432963
79130560150
79250769741
79632765671
79372607620
79273978487
79871845927
79162004770
79214636922
79381077160
79969197147
79623545228
79507835038
79279350676
79374433007
79501267037
79112922585
79772914221
79818438717
79242749056
79199313539
79526991388
79854241368
79105189209
79384087799
79228871894
79260656671
79393810661
79271244803
79093848278
79034553247
79237771064
79515387112
79613998612
79209670489
79163370496
79617738414
79160386106
79638973838
79621131805
79237356597
79533168391
79889988113
79116415346
79298490564
79771164737
79214014630
79282727658
79243289388
79017325960
79287722656
79173087913
79241307219
79190751051
79178748486
79209213107
79276046750
79644426661
79200616000
79618444455
79270931991
79183616963
79215841691
79086061350
79114655988
79603190237
79504998765
79191228505
79237555165
79206750245
79606939798
79891974526
79216777160
79224743678
79787154610
79315115159
79873146620
79507944406
79241378198
79623175292
79260420113
79184840338
79508266655
79992602205
79178868012
79397000259
79155191625
79293447743
79996191565
79108359939
79169933383
79969529090
79247695697
79528816380
79532641589
79831307120
79230191409
79183032242
79333307770
79210192569
79520950068
79133859217
79208514465
79397003131
79155046028
79222050123
79787886535
79539418043
79213061400
79145516494
79235197433
79536239344
79153565992
79521177901
79887957717
79270926191
79145011359
79312104886
79512259601
79504167741
79963272259
79530537077
79644694402
79161329096
79536841518
79173950433
79205922955
79226177912
79999602703
79085073220
79920007805
79234346072
79603179618
79195192123
79532566033
79206754757
79166108346
79265559663
79997646730
79991200077
79204384963
79870072407
79269400640
79817434080
79178019984
79505907104
79217281251
79242061455
79652602769
79832617965
79616157933
79221183404
79696104735
79527551828
79539629179
79505493098
79224650844
79869697262
79202426083
79800345210
79186848017
79532688740
79184397072
79183134777
79273280099
79106731715
79534652741
79202140808
79227793993
79685417304
79622148811
79505593435
79274021669
79803726409
79237726957
79277609121
79670603461
79685447319
79267903396
79195129767
79376430130
79622877592
79892295561
79165112671
79379312125
79237222823
79189593501
79522181833
79191809501
79526610768
79375471780
79098730107
79615059027
79829890565
79210759324
79248721669
79183383805
79263890041
79247515388
79788382278
79175783833
79234672201
79197431346
79614601563
79819875027
79831407236
79268897545
79213623138
79003803279
79534512952
79515426977
79122786657
79526938293
79867315377
79613225910
79522240344
79161081576
79873878600
79656814864
79225189706
79659075511
79184009272
79841749523
79505920121
79632426806
79198264463
79186686220
79186054089
79518742749
79228296424
79613004943
79517713793
79124305816
79178563079
79214023504
79526801957
79889579038
79166855826
79207224011
79504083981
79994439579
79281140685
79996343883
79174807363
79805468699
79265888610
79205145999
79852453020
79140074724
79298024695
79859050062
79505075973
79602887392
79607744047
79081436692
79370720600
79621621250
79267001748
79876684535
79192760120
79992003082
79219564373
79181951921
79184440917
79619011081
79180270429
79152727719
79516674587
79787301966
79889428145
79269305277
79505794952
79851541575
79196871797
79526027455
79515848804
79539582909
79026941506
79643791427
79851756919
79167461529
79173937078
79833701155
79536738601
79247172602
79273743331
79339951113
79167823008
79197783969
79889202203
79535376711
79118834666
79147915516
79134464496
79281834054
79511686790
79137202549
79530021114
79964154284
79533490214
79184093437
79167329996
79991349187
79165173585
79226026815
79835860197
79803354241
79242341276
79294291200
79914975728
79190316722
79867450537
79835010214
79173905897
79315173884
79163474533
79883454889
79961831734
79081397638
79095066153
79164307505
79538067847
79872873532
79215837391
79308780117
79253269712
79525282508
79276086552
79241148425
79531710162
79222472303
79201427353
79508631314
79189989453
79204161487
79881541001
79776983382
79038256797
79518654525
79535086567
79280101936
79180573853
79532960080
79623412857
