79184089593
79144835095
79172439034
79234621252
79276396321
79231135525
79143875298
79147477892
79534209037
79145713499
79145791205
79518742550
79147964384
79525059025
79141971364
79218495934
79145197366
79787506165
79146636926
79244836170
79184976003
79146990718
79993137366
79147489788
79195116014
79148904736
79144554506
79146642193
79162342966
79005840221
79089279318
79787697903
79145690805
79635224899
79282039191
79507751482
79146595819
79148993530
79505468085
79147483213
79533421034
79143698222
79142055048
79161793219
79198962820
79144866956
79242182363
79207773588
79788531021
79275767995
79854429162
79624597141
79148315472
79516876976
79655913888
79183519281
79226582949
79142989321
79174013520
79211187796
79505289553
79144350425
79143915382
79508543736
79147607271
79143973119
79146637624
79822677151
79144214135
79147071257
79145658834
79147913149
79141852423
79966396120
79145848759
79143741757
79147556457
79147765018
79149100918
79788228660
79142609044
79819842466
79150542989
79147619236
79146957476
79204438338
79807134031
79514630582
79303068144
79272308483
79145075675
79149308522
79806635223
79678249359
79226026690
79250708465
79264557978
79920258308
79241314044
79508382882
79393948982
79236009297
79030068398
79143487636
79146458090
79537661123
79181665831
79217448207
79216496869
79242577600
79818066591
79535882075
79147041901
79626755855
79053098257
79511395713
79147798189
79143338623
79211838835
79531894397
79243186974
79142480240
79141998620
79144225322
79142041801
79517382236
79618458528
79624051011
79147908799
79281358897
79143655574
79203068822
79146646464
79141884021
79145410350
79852251381
79539530051
79533866611
79148854832
79156135578
79298314482
79697020898
79145348830
79506581310
79196392222
79146428200
79146142465
79144624027
79870430319
79144683759
79144254254
79515009552
79146675645
79287524142
79154310183
79144624628
79370868717
79216563354
79151112884
79274109911
79146521736
79242511572
79142138611
79508524461
79167248489
79644001143
79143260814
79146630381
79142766563
79147151048
79141928800
79871410763
79142569097
79143553887
79528695202
79217409680
79143177337
79146775610
79145601836
79147915024
79155525811
79226528394
79179845593
79895069564
79642205756
79143714252
79147570722
79625830261
79277220029
79144238360
79191955024
79953901055
79147241778
79148527794
79517329781
79148033976
79147367826
79215509414
79883996945
79271816486
79149228210
79173952017
79142400945
79145262309
79144871920
79147090421
79147020200
79148375103
79088770239
79142136102
79640779744
79146712720
79141825980
79501999351
79145563676
79854328754
79156124420
79143799751
79532485019
79144818777
79147752990
79146950446
79687148805
79146831353
79788465052
79292505292
79144169884
79146171740
79049723772
79521198119
79609817145
79144897588
79064046807
79298178118
79774497767
79144395138
79145978134
79144050264
79148142253
79143215402
79632358085
79148180398
79147016353
79651582811
79139182285
79654672791
79144252962
79147978191
79182784809
79146636778
79204288155
79145600711
79164833576
79124238166
79146990792
79186124037
79645056007
79662807061
79142006296
79147002451
79155805404
79193163002
79602483495
79217682193
79144967022
79811777060
79600660411
79144192265
79375123242
79145924588
79148996533
79145715529
79622410332
79204685156
79248954559
79180553373
79147738009
79134760595
79344818229
79535255028
79146309756
79145412203
79146454175
79788131753
79148438025
79147241286
79515888101
79146793946
79146368710
79144916710
79146431260
79146217789
79141825383
79142362524
79523130462
79198362909
79271560440
79628082247
79529693300
79184006090
79145523759
79148656719
79243626523
79144001270
79143283194
79148881003
79147557352
79141888909
79991623650
79147902531
79147584397
79191259924
79607607210
79142167157
79144469669
79146702050
79378781273
79158010602
79146131415
79233353477
79147841164
79841423122
79276395881
79275940610
79143697196
79871726877
79145276530
79143644827
79142058090
79216404255
79204548824
79144463808
79147325654
79144019298
79923536346
79147068157
79248766611
79143037786
79333327008
79379767873
79301547986
79145779078
79210010201
79307073730
79533926300
79266636315
79817827186
79147142547
79684041576
79166409823
79531142564
79148731314
79214852481
79147703327
79148400040
79149176699
79002287427
79144857440
79142127197
79802489590
79878610849
79506990688
79141916710
79142534782
79277191107
79624521598
79538650224
79537575278
79145510190
79500711521
79534348877
79209165002
79604899906
79144132530
79607223663
79145175667
79287710402
79242846777
79144017368
79146591003
79148299172
79143428889
79253345407
79516875393
79517489932
79146431802
79244643345
79158412961
79529229064
79611094473
79961169252
79513839222
79167979549
79148767846
79500356512
79145950741
79170436976
79148019696
79142018436
79247913478
79146515548
79147230481
79142114205
79148952092
79684564471
79997801225
79145402570
79145226263
79175756383
79174949270
79313033305
79162100824
79141785289
79288069574
79824170085
79142441096
79144911730
79184495152
79146734279
79146470728
79920064868
79215545542
79147175071
79788532114
79146589256
79818022344
79169010556
79144345527
79619715237
79145933828
79307103355
79397030555
79145162323
79148417788
79241119030
79320531194
79145138912
79145670266
79308095929
79231040544
79190507029
79148951185
79688432829
79149051901
79171673411
79237831707
79319702669
79190649185
79142654547
79831528629
79600958098
79246796218
79609329995
79650874045
79146758580
79803079404
79613033403
79143152824
79274346429
79536449077
79185220410
79147179819
79149111354
79143196342
79146773111
79147687991
79004332533
79148434873
79374486181
79147922578
79643811206
79806556805
79143668627
79146887210
79275280329
79244237768
79218886185
79146748302
79511789027
79601446701
79585555548
79266358922
79288385708
79273828005
79145159115
79149283598
79992285337
79207465447
79172623930
79159895666
79214689883
79522184298
79146613668
79181515626
79145565001
79146920015
79147957795
79500907797
79047561774
79143224070
79141873457
79144681358
79146816999
79228186108
79781057751
79539042826
79142034353
79323215521
79778088629
79628339411
79147227696
79146538855
79145606947
79148843733
79375504289
79879880847
79141873308
79218769024
79295492927
79248540987
79145660292
79297248292
79142512802
79149174969
79145464708
79148530393
79186023537
79144299549
79144066108
79649839884
79147868373
79602646124
79892617093
79831151158
79393074469
79142912954
79647994894
79209605016
79280103982
79656450012
79996164114
79148070145
79155771405
79644494538
79141882122
79879399592
79147248182
79535086592
79145769278
79147034334
79164725325
79877451722
79246060100
79149196468
79654699921
79776279597
79143728955
79142562273
79143325902
79141863940
79142125026
79832567725
79277566075
79772594621
79145578817
79807287340
79217784844
79633253171
79142531037
79502554402
79149197338
79142106390
79145263521
79145699282
79142037734
79677253210
79141842720
79147249972
79146542108
79146848121
79186446037
79263803077
79371828253
79533303310
79144176830
79147094283
79237858232
79193807353
79530426779
79146875121
79237204654
79617609822
79145817134
79156358708
79502763323
79033213120
79144487556
79144097974
79221120013
79244956409
79867638490
79149066824
79377195379
79147129078
79858272995
79143431390
79145276339
79147588005
79147043785
79625558151
79149002019
79146048125
79147111512
79148187650
79147064576
79148116581
79534247974
79144048651
79148771323
79233088605
79525858673
79146705460
79853477979
79294331403
79531964814
79994409478
79144181708
79095914641
79221949272
79171956554
79033888720
79148312432
79990841948
79149165397
79788789855
79146971315
79885278336
79506595122
79175522827
79145485849
79208051581
79149410525
79304063616
79145572028
79051074002
79507591156
79832283285
79609210379
79141745960
79143935711
79190171860
79603150699
79160799380
79147234271
79526811862
79141951403
79147996507
79143386106
79090923981
79117184085
79143266135
79146376649
79141841264
79145548930
79241171627
79141739463
79149760652
79525854141
79146369513
79514823617
79146906164
79141777017
79641135408
79884796513
79370396511
79141998331
79145054419
79147185671
79163940516
79202696437
79814671470
79223823061
79147741245
79502028662
79143670332
79143726546
79214175153
79142183782
79195874887
79646539710
79148021244
79151370643
79147054232
79244650110
79148934225
79333104658
79146046429
79141885049
79147215078
79526214584
79157158246
79154649718
79142620596
79146790779
79257959390
79821962511
79193008370
79147732309
79146368605
79143615762
79144299559
79619949054
79147164019
79146922059
79827106977
79625000176
79141968194
79145748819
79376342343
79166155350
79539242464
79142499727
79502950415
79532495941
79145172259
79142764577
79146232008
79289329220
79142896274
79141852924
79528813974
79143866085
79883698465
79522355948
79529377778
79043312711
79145637023
79196007587
79877553969
79142191774
79143289941
79782788007
79147711432
79516187944
79831554485
79687082206
79274410147
79637483284
79146210517
79242157620
79520618390
79138006162
79145557040
79241670290
79147760208
79146970646
79525543487
79147241339
79272808482
79148590936
79147089924
79224021266
79144781987
79897653346
79214562812
79146698230
79503163998
79213348595
79964509228
79146000293
79145813055
79175329287
79141783155
79145496340
79800138199
79145746360
79372963667
79147010157
79263330820
79247291594
79854635161
79141851377
79143168919
79233383380
79508661903
79681257543
79147160266
79227695321
79145844472
79294792202
79242181951
79145109100
79142047697
79149331455
79372071717
79811130016
79146551843
79146966410
79146725125
79225700371
79221094808
79147654260
79144608072
79514697119
79141840081
79533458742
79502571835
79147054617
79509845453
79189890187
79062062601
79142181635
79521752511
79143148472
79146607959
79995354530
79290005114
79141940279
79246469990
79148755357
79147363775
79620765511
79144084455
79146721912
79523390475
79146529084
79147929640
79831060179
79147775540
79219144472
79882431669
79516772960
79803501952
79513037509
79153768345
79145705920
79836369879
79142938943
79147881746
79145101797
79321294039
79185284405
79233542604
79522410058
79141811801
79143083669
79145506365
79603943581
79139915620
79163338644
79147362096
79142000250
79143337740
79150028556
79145767230
79143940998
79242283524
79146938112
79146069323
79241621642
79146292346
79508060394
79147044235
79889446952
79175189006
79144196459
79145390340
79271244717
79818074384
79628370966
79143358712
79147800058
79167736630
79272112473
79159719788
79146524512
79145484823
79219481784
79242128334
79080578814
79221049526
79147913232
79246032569
79148869720
79881127446
79532579948
79202924648
79788126177
79146197170
79111039347
79527945241
79141750634
79533265623
79147176024
79507592791
79195726243
79653425462
79143988579
79147034590
79193187831
79600890347
79299847190
79188946991
79787892634
79532021707
79279499177
79911197418
79514867370
79203255895
79231005846
79871560636
79778320420
79184285119
79502734272
79834470600
79313600675
79147562306
79143343673
79141752314
79142570113
79203723967
79609515997
79171961014
79225504614
79190535948
79913216731
79143454514
79146530730
79964123295
79241947280
79145582530
79148241159
79295802957
79961912412
79236815484
79203589095
79281280006
79676360548
79041443115
79205410420
79146667291
79166469919
79269484972
79145220250
79662809338
79536784170
79142099369
79775715682
79182166951
79027288839
79277195580
79183226098
79964297998
79143662670
79263888853
79144052181
79149330601
79194627897
79649044004
79147615993
79147540440
79148710675
79655372186
79232555450
79146506569
79148742590
79141859096
79814638684
79141951823
79144458721
79146719624
79243037909
79149278395
79142109594
79788604467
79147874254
79211401798
79524164712
79523792773
79609385006
79147062330
79145554336
79142058524
79272096342
79521059696
79143438948
79232354774
79806623185
79142246639
79209530109
79142896518
79134608359
79143902919
79525410318
79014583504
79219381576
79887630452
79654653945
79145830123
79184409607
79147926201
79146901470
79881750532
79787647660
79208454970
79307491052
79372033539
79147487208
79175330602
79145479929
79309262177
79143405621
79147069504
79147735206
79212271419
79296946081
79530389917
79149354037
79273220206
79639762887
79142881888
79145956183
79274306285
79651246098
79146512245
79146760318
79144533946
79146710766
79142937826
79639977725
79186478025
79227979797
79142405081
79517182325
79183113639
79834032303
79145966272
79200030554
79143132337
79122104939
79281870667
79177367662
79226177123
79144610074
79992777249
79998619324
79144955661
79045739380
79155740319
79143116973
79147913215
79911197212
79145143310
79242404775
79242402412
79148174750
79262213458
79185236619
79999807283
79384068693
79147970117
79147971241
79147247753
79272379832
79616676216
79184031613
79502915412
79171912194
79897137657
79147034815
79630407944
79500873699
79147709605
79377988265
79143263109
79781388563
79148912190
79148130811
79503359600
79516459830
79146489208
79144296039
79922115916
79142681485
79501257449
79146532929
79876933180
79521724688
79200269543
79998005529
79143812767
79187636495
79644754485
79176678927
79242545520
79143157242
79209086396
79145805617
79625003090
79193527734
79618752589
79779552093
79507558083
79241666842
79517426587
79146848461
79146915197
79144674462
79523055309
79632649520
79284810673
79273233956
79146605124
79872077773
79147599292
79508910912
79516378522
79279144675
79524337546
79218427830
79192061370
79144710422
79144520988
79147806790
79232970558
79617730216
79616084949
79148039931
79144045174
79149257674
79274606707
79148345526
79528003795
79638526933
79964170879
79144330324
79144552111
79143824278
79175562904
79146878360
79145674579
79147597283
79144111052
79876507842
79030449009
79146759564
79217337554
79144357017
79147231550
79143719652
79147439229
79145985983
79965001705
79149144094
79141927666
79146694176
79146932517
79892949500
79141849470
79148168104
79148618061
79147982948
79149085670
79147205003
79232654401
79225711041
79143530082
79161336207
79148561776
79144888131
79689529550
79143383295
79143136761
79536190322
79260008722
79147127851
79269870767
79143432575
79156764898
79146421949
79145770146
79145855900
79146896892
79146151031
79141978804
79144863721
79141885625
79148027633
79141580048
79963836420
79612078731
79503171091
79603709848
79581781575
79146066337
79780466959
79600857442
79157846551
79841184179
79535016214
79265671251
79232050924
79147866394
79143872497
79147212232
79146904715
79966363826
79832563611
79771856212
79142161370
79833249112
79217433242
79994922521
79147475474
79147913051
79148272649
79141877392
79142056882
79582714717
79145017704
79145954348
79147293930
79143185811
79147031077
79196849611
79147162939
79147350641
79805322564
79510953312
79384216412
79146175455
79192041941
79147588701
79145881300
79142109943
79142987875
79147638067
79147719165
79143317786
79144167272
79277643699
79147029676
79025558554
79147713138
79143859028
79649391674
79146739017
79142187626
79147386310
79531086992
79228715916
79143050787
79270130408
79648490750
79962395768
79146917476
79872907988
79234911283
79146956842
79500414854
79148765395
79586221251
79187848434
79248468898
79149262515
79147053351
79142333853
79627525231
79167007859
79877593770
79879040331
79231580877
79635068968
79145444281
79192264528
79147826919
79607235556
79146149251
79186495701
79214581851
79185021024
79502793126
79179612414
79510232935
79504389798
79373257585
79212440794
79874176133
79277675990
79148727988
79853508853
79146752653
79223892321
79141867310
79196772869
79502767377
79066117606
79144856998
79255237674
79832677930
79621527976
79297825000
79308456582
79871625393
79164900735
79149010882
79147680573
79145633901
79141799055
79851575597
79774971499
79787113541
79151401718
79172529388
79144803893
79655692305
79146684225
79216362629
79147924130
79145041004
79626730854
79601776462
79619158027
79147409543
79659342563
79146866426
79502967003
79144656339
79147778810
79156351380
79149074761
79219835750
79145445618
79146690217
79169068447
79204697919
79500977318
79147925823
79145618292
79167551442
79144741877
79146567848
79996334254
79172356133
79147191720
79518590454
79181841013
79275598115
79144510060
79879436481
79193338934
79626207327
79142643634
79214588420
79272466319
79856115865
79214178819
79648924897
79213334964
79143271822
79143555153
79147756888
79148950630
79517805473
79141859087
79147651822
79147554513
79515807540
79527214223
79145199864
79246281688
79534324606
79144397741
79144902689
79143243618
79145722394
79771965590
79293131705
79147816116
79144677676
79146892556
79149039148
79145173382
79146175463
79623240118
79144240180
79146561525
79169080908
79641078605
79144370144
79222875214
79241176257
79218990527
79143495102
79609125543
79226122401
79142326907
79834637468
79833440830
79147820769
79196148549
79146839195
79146439362
79254568821
79147148330
79298494234
79501266349
79271492473
79990847974
79144683502
79189393613
79147775868
79969665600
79873533545
79192507566
79193669622
79516249114
79146240956
79218478166
79214088385
79153768416
79146266073
79629981950
79182129147
79186702432
79610743786
79268934898
79508718806
79149342665
79145180336
79964596466
79142305245
79524556787
79145200853
79643745417
79145623225
79270279669
79841516099
79149237358
79143817252
79147071690
79142152641
79144333908
79142832128
79149240739
79143260032
79145144322
79177188520
79144930312
79520489111
79148938232
79299771136
79500547146
79147120884
79333338318
79654500764
79144149214
79994434701
79147455673
79146250243
79511205921
79156874844
79149480304
79146975794
79522025321
79142030390
79143165735
79149143226
79520479901
79142413656
79143709074
79835278363
79124117137
79520655105
79148767163
79145610899
79146764370
79144997887
79654637975
79144381212
79135026868
79147063474
79831395251
79145063588
79144063034
79141776933
79655228717
79175197179
79144890606
79536686939
79142074504
79234840652
79281616636
79169734678
79528840413
79149353193
79147174487
79179269706
79144070793
79147584515
79142925293
79537921085
79304720115
79529558397
79244952961
79639410439
79147938832
79534379412
79284061884
79373414570
79236265333
79141951953
79146625554
79186955262
79811806383
79144062797
79147636696
79147271212
79243424866
79147975545
79183302723
79617093311
79818761332
79146515232
79229389228
79148898258
79172019692
79141839937
79143297460
79142177885
79142520137
79171377324
79282928284
79144149754
79209097307
79192688218
79147822001
79271904569
79609631095
79143282884
79145843791
79144840507
79143449804
79259982763
79146916538
79149393828
79516094819
79372605162
79144019655
79220536940
79994758801
79867454663
79142293840
79295943162
79517739793
79856473857
79950919601
79141885301
79144342802
79147099094
79807282426
79147717050
79621790626
79144651467
79221727710
79146503399
79212528676
79148472256
79145792665
79143161705
79622813218
79235055340
79149093565
79198322725
79146119659
79148105185
79618901855
79216302955
79148773607
79787556058
79142174851
79046121146
79143815227
79045414130
79129598317
79145553704
79146506306
79671965483
79146430639
79147728046
79145772813
79048741051
79145555012
79141763556
79242094680
79215839224
79126298020
79150835892
79147703236
79246630402
79191208998
79147985804
79147765880
79856244798
79303560522
79523727849
79143881467
79536118195
79832785428
79244201869
79167474220
79266065708
79164045230
79144019100
79141874129
79312643640
79173334730
79185010971
79149072788
79206214780
79145259072
79144352589
79537481519
79147148217
79658522023
79630275266
79515470804
79147165392
79818885431
79144735120
79141859296
79180225236
79144642407
79147310615
79304384193
79242467762
79147176575
79625130921
79521865700
79210956873
79143457587
79144039433
79145253041
79892631673
79132167751
79269025357
79147190520
79282121870
79141962657
79118520729
79147186119
79148140379
79213440907
79525332661
79234811594
79143758162
79144849525
79146871787
79147005730
79142247498
79146909887
79513875002
79146896008
79149064536
79142100233
79146918961
79515980951
79618188247
79146863062
79147071344
79146545477
79146022956
79277319440
79148189045
79146449781
79992152494
79514400654
79144298698
79145681415
79123003055
79145551464
79141820224
79035550108
79143886372
79277868885
79146122045
79141855350
79232336727
79142178757
79144781361
79147716972
79614107245
79144156059
79185308529
79775340733
79965602539
79149029382
79224407218
79142039274
79142172157
79961382972
79603722847
79821033059
79147271577
79144453062
79143822804
79143557350
79965608304
79148066051
79232191831
79147437704
79527790726
79517810912
79787251119
79827837753
79621507047
79683531319
79146319844
79145086732
79149349872
79198914270
79511032096
79190528080
79643910101
79222019928
79147759326
79676331865
79146626751
79147299763
79994601776
79203765446
79381450242
79247253286
79144570789
79144183174
79141962610
79141871609
79627326481
79218828152
79143124876
79144261084
79956642314
79219097348
79143247434
79241814931
79651180440
79147085523
79659937099
79043722965
79648163016
79145765967
79312800566
79148120710
79147375207
79145563955
79639420128
79147415800
79147799669
79533936598
79274782372
79144927089
79022775171
79818322513
79142474496
79142123581
79141765057
79147633010
79147241087
79146035940
79681398776
79143152181
79142099124
79162861292
79143378591
79147558297
79146238322
79144771688
79996218808
79514848702
79144364842
79141903655
79149040997
79241000807
79854407665
79880649993
79501049422
79120330334
79530401677
79143731421
79086636415
79829135761
79147605194
79067815633
79148304685
79538263878
79293610406
79144702553
79139187978
79654771326
79147979747
79009150336
79880879022
79062451980
79143617414
79891314316
79147922174
79165219910
79244670164
79146921553
79148065156
79144762945
79147377667
79246083248
79633580251
79144288969
79142829114
79144598898
79263590002
79064107069
79144076924
79832637822
79147523592
79146820082
79995886276
79822585358
79992337981
79202121799
79157424220
79146395900
79290090105
79148792135
79146728638
79143732717
79145700404
79243815167
79531001463
79518314640
79220318069
79166067320
79147198220
79146428566
79195504007
79779207137
79193002439
79006968383
79511862927
79144914964
79856381314
79645682695
79607237626
79871376065
79801855206
79326170589
79372093700
79142202299
79145374479
79507548095
79147721791
79147040644
79621864949
79615023017
79817867552
79146927170
79059717978
79147735003
79807731782
79374818251
79142924183
79625997049
79234707516
79146011978
79147266406
79143554835
79199033059
79147297178
79883610366
79145148763
79144902817
79147850551
79141850162
79281904054
79144076628
79320530073
79952389631
79142188139
79146832673
79147498175
79144204540
79148828155
79785711947
79996295087
79817992329
79675104899
79184157364
79190091313
79148072656
79142864100
79141816843
79142791246
79145012987
79602357257
79221613022
79146808866
79151944821
79869682505
79213316771
79377956016
79161022399
79161713533
79210385710
79500097265
79525961924
79148938349
79148071444
79610609032
79149306047
79146735899
79143326849
79994923092
79841330655
79143374530
79206733093
79534221758
79146923467
79144670706
79143195212
79208760046
79212521244
79631638408
79243661557
79637599028
79257071845
79296051921
79500500459
79296155210
79148052730
79144236402
79142153613
79209229186
79147207784
79142664855
79141968670
79213094527
79284447707
79385209130
79149112203
79147439025
79281734460
79142857489
79144200838
79147916252
79996192803
79145911855
79146634677
79161596786
79242544457
79372251735
79143137478
79236899664
79515636418
79186930475
79142583227
79172602759
79148627185
79170854521
79778856125
79144952574
79147065312
79788395602
79184583695
79168867825
79143956461
79379961950
79539119205
79144936683
79880770445
79539510453
79275347412
79370412015
79635016349
79501626235
79193611849
79646862325
79777584687
79806822746
79148216948
79614542902
79500182890
79145514519
79148696901
79282619303
79145608579
79174988628
79502836621
79525838204
79526229171
79035621668
79147078812
79147730247
79146606668
79301814512
79774824748
79194453752
79147976134
79181722293
79147901137
79617233113
79145419340
79536086814
79326148844
79206655322
79516908713
79221550224
79163478426
79644387764
79202955648
79656482521
79146471600
79144746415
79134225228
79147196475
79212026769
79148314403
79170361490
79831598908
79142797921
79142045809
79655346761
79147182412
79144693393
79143980550
79243861713
79295162384
79143615994
79282966769
79841768108
79504197473
79144539079
79270357604
79068122751
79147860759
79156706181
79003962142
79144885543
79144657493
79141770005
79522176628
79533463289
79994209808
79144590717
79823623065
79143867214
79148345032
79146523285
79144700022
79147001947
79147956707
79873320590
79147322236
79216480963
79507307811
79874830367
79141729361
79326039505
79141833011
79148867123
79152744626
79539056360
79147132549
79148609199
79142000730
79147749552
79217452669
79146601615
79823602150
79146507586
79528921451
79142329801
79143545626
79141906167
79147976162
79009548672
79146051030
79229313233
79266057571
79147644079
79144641975
79145956118
79148502428
79149089553
79147922655
79143547867
79143837904
79149343437
79787208297
79214320873
79145151914
79806390569
79886729939
79147271403
79148011464
79535432124
79147030525
79969212260
79833085929
79146380834
79951294651
79144568896
79211325839
79142098314
79274557273
79143407288
79141955346
79142094435
79220335856
79167011405
79631407417
79146062948
79142081304
79148549415
79142790241
79248319333
79851744585
79147175543
79143989172
79145522309
79222095670
79148001074
79147702774
79143637994
79619847099
79145137470
79135674633
79142070504
79146009357
79269388058
79221140650
79224563999
79963039568
79508471727
79144035257
79143386244
79537895801
79143975493
79149095016
79171875037
79787462840
79144203971
79146814921
79181511385
79142734031
79146176543
79142763564
79170049646
79146472371
79500318594
79147022432
79961753699
79876173197
79539727633
79148870441
79511796125
79149135605
79779497646
79164484252
79824921164
79510840034
79144627699
79144022681
79235095674
79859911664
79147678896
79146121975
79159110962
79149238634
79146217522
79144882906
79146647447
79145835030
79159733223
79179469822
79145884752
79245358501
79142941003
79527374489
79154860689
79147769501
79501814644
79370743500
79167281709
79143443318
79144107117
79142034575
79241883690
79502723918
79173441369
79141751230
79142034730
79141811511
79242221552
79227912400
79307431138
79147899656
79141948259
79501894734
79143438096
79213573178
79143340141
79638080804
79144002423
79147296331
79147721112
79144039932
79144777454
79145046914
79148677585
79873997833
79236191270
79289051510
79142437242
79185304679
79199386696
79141989738
79267697301
79046892837
79146662006
79145422112
79261789574
79145838709
79635570445
79852971207
79143354962
79145418560
79144138217
79631974346
79237303072
79324237341
79147778020
79189821756
79272773600
79196452956
79144141414
79264009071
79826572547
79290178491
79143948507
79146173772
79141774766
79146057205
79142434028
79956592313
79214045687
79502810819
79145856912
79220470606
79256086987
79147297938
79657143000
79609446936
79266217982
79827101374
79146823007
79501642408
79372129364
79148485307
79143924053
79244702297
79384150081
79372554346
79273295106
79190413709
79190428821
79785163180
79851880052
79925197531
79213174759
79144170511
79263190837
79055550537
79148833480
79148049951
79532963243
79144057565
79211750278
79142991987
79145027394
79167458434
79885808864
79139227201
79146859257
79963803200
79147028109
79523324664
79277385081
79147977535
79154360455
79144475425
79148419891
79144068291
79060000092
79283573847
79505120644
79265829069
79999864473
79142790633
79009168249
79539339933
79192459610
79145212623
79141776339
79142637198
79148930987
79209066563
79147644526
79148007495
79379328465
79143559694
79147954543
79147712910
79147132580
79262854519
79148467545
79851712466
79177764968
79787977011
79281978869
79147243395
79146720260
79146336455
79144069687
79145779183
79213665346
79234452615
79141729694
79154523489
79518518181
79142549529
79539028080
79533838854
79146153881
79529432029
79967453223
79144006464
79141918092
79148013639
79997836273
79147055140
79146554132
79536972555
79215215850
79143717119
79126751917
79148765131
79160156371
79141761595
79787124723
79144235961
79146656245
79147589498
79146259041
79609852209
79288836546
79149274154
79513009957
79147152087
79505336533
79842937286
79536246838
79146259580
79146227865
79149702564
79851410766
79602574142
79996041652
79994227295
79201590176
79147218956
79144057544
79184613246
79169976982
79141741962
79211888018
79144239810
79141911382
79656011961
79675530669
79534197267
79655466336
79842776544
79851902848
79657663004
79262499630
79646854626
79965107875
79143220999
79242429746
79146190391
79141953054
79128655871
79231473090
79147775550
79662875830
79147074041
79145065181
79144328687
79147077117
79144608348
79146104535
79514798870
79831925947
79873594937
79216793575
79147920915
79141772971
79097562234
79227845119
79874473559
79178000159
79644067983
79149309137
79147921846
79268923887
79638541725
79262919721
79144018964
79146967127
79145664277
79141761876
79147051800
79213179781
79144329466
79146177037
79144943388
79143163842
79144292896
79145018636
79289026439
79146675519
79897157826
79226304112
79143733868
79649008853
79146917798
79232856214
79220528745
79223105862
79516731183
79147231497
79141723157
79528044087
79266084463
79241080448
79143790409
79991850434
79502744328
79148769726
79525968938
79146719178
79514718852
79677177470
79204636891
79538841956
79226547072
79871538029
79146557757
79271496305
79143895759
79244951826
79093735815
79247551322
79184347925
79897089981
79033186211
79143347247
79147324388
79242526101
79530023075
79236617228
79130593224
79509559262
79175149954
79940031265
79144135337
79505525755
79147721704
79144174757
79023805711
79146238196
79217155567
79526000360
79265613163
79147383602
79148170453
79144816506
79780442594
79930024565
79144537982
79144404176
79625013983
79144142690
79133893295
79187707474
79231319455
79145145883
79533065849
79177358286
79149348860
79268717060
79313379247
79146041549
79178073423
79616024341
79857350726
79143902526
79145736882
79145912615
79173607928
79141775400
79143211857
79609075736
79372252297
79242854491
79652349240
79271806850
79506413596
79146771147
79667955395
79145066978
79144297072
79619886121
79991342173
79043827991
79144119685
79146352268
79242854266
79242308558
79240157477
79199370756
79148407749
79234900850
79144030220
79822038582
79147886210
79147128071
79505050979
79141990336
79143514743
79147796326
79144553223
79148122440
79147045754
79393857264
79372255649
79146050889
79149763452
79871145022
79146576623
79142028535
79960501075
79148952419
79145969460
79193014999
79529088966
79779110293
79212704917
79502888022
79517850339
79231441464
79147023089
79600683531
79172097504
79508085144
79143523951
79607961314
79201363247
79628107463
79146779486
79147974556
79234747431
79145734071
79143510560
79142450541
79636976493
79518354760
79506390303
79671404312
79193636669
79232748740
79232143138
79881166571
79184667689
79657067907
79144859979
79534896933
79147447147
79148113643
79617415358
79144182318
79242376191
79144145271
79145017489
79224112977
79204533480
79148590335
79152920752
79144092944
79585114283
79308016713
79780015110
79265189370
79033382626
79121180983
79143605353
79528902262
79145434730
79619889798
79892677756
79858098614
79147290611
79143356516
79135025924
79146270263
79146320517
79616827696
79962399207
79141928789
79534328761
79223814702
79147036265
79875878721
79210529888
79147740031
79145155659
79149142270
79146076346
79142061682
79154015058
79144748548
79147346831
79817219633
79246916461
79213638879
79517370798
79275368983
79650942348
79142181461
79146681694
79521723902
79313525712
79146704136
79144740712
79218101767
79148052214
79529061718
79156530708
79532158255
79171142397
79516071793
79143519535
79144762858
79998467091
79145826236
79233733013
79040440581
79822771158
79513866824
79142095911
79856963874
79144324272
79147156565
79969583289
79516826195
79146492113
79216523615
79143901862
79143243857
79146295048
79145028473
79148616501
79371882099
79536250024
79143439773
79158059120
79147913281
79811565655
79142838110
79145068117
79224574589
79644354522
79141732228
79162280750
79147393071
79196194711
79821624022
79231178158
79262183555
79510181301
79520991603
79636716765
79871850778
79147420437
79605946908
79147060166
79534246212
79195862071
79509299960
79503369038
79290140333
79145756837
79146019495
79147906811
79147650288
79141863489
79674198891
79143195191
79244224041
79841369316
79144935353
79147235339
79143585311
79225637016
79270409308
79144182029
79143874782
79147166066
79674672414
79144255008
79143308742
79829871982
79290120292
79502989251
79145292000
79149341716
79143324302
79147163450
79245037724
79833593566
79142199751
79234008890
79292967527
79143234448
79143603172
79148941838
79532216813
79145608527
79271121444
79635108837
79333009323
79773214272
79144808861
79144646660
79149266907
79147183624
79145708419
79144105925
79995495363
79144783586
79998701128
79517565465
79144082250
79146867898
79532177721
79517007348
79627623521
79533508362
79507714240
79850072636
79144633107
79148859520
79145239755
79535050890
79147091404
79143317726
79146528313
79148021474
79146401011
79779395216
79143332004
79516446333
79148526612
79142190900
79382057068
79143719971
79182936917
79969527063
79278002569
79141986971
79143955249
79279631490
79141810204
79146065124
79144206217
79629497239
79951024213
79501360769
79150436242
79041154677
79274749320
79146993968
79135653941
79190792663
79177662459
79143513127
79521188837
79628621511
79036922317
79148358737
79147568226
79210696960
79179773214
79528755371
79148185223
79194177072
79521513529
79689523808
79149208051
79148197688
79164733354
79514221183
79319643665
79507797115
79186571120
79197435396
79145084383
79618753174
79146267238
79045965170
79182587089
79618484972
79967747313
79146594280
79248225262
79851297380
79608932252
79148645655
79163362165
79275705447
79182748597
79144075719
79146445724
79324272217
79967794348
79531613887
79144040625
79145631594
79199339672
79878682781
79037832497
79148100838
79143137119
79147285452
79192493911
79141954229
79147373729
79216231947
79871835021
79143387710
79267767460
79027966679
79143426114
79373565344
79148832899
79185220375
79294033145
79142142157
79212302263
79534959943
79253232378
79224373476
79169549504
79684999739
79026575619
79289631016
79312010865
79147243846
79143879703
79872237127
79147635181
79147927601
79147563407
79998241963
79826229119
79143121793
79885227310
79144247965
79244663578
79789283579
79032886768
79143728242
79043573463
79385352029
79877865754
79148502554
79143412704
79774252343
79378141395
79147277469
79870317007
79144741542
79117416001
79145088334
79528316064
79155581255
79146456518
79892940728
79605816026
79143919342
79162173739
79276721882
79148007112
79146999243
79857446690
79141846504
79147988132
79508504918
79143715151
79147030867
79145504837
79144422022
79147528969
79811982066
79141770190
79141737227
79961337002
79144748627
79160638139
79251890373
79145618048
79141981825
79234687911
79272234177
79147530006
79144181873
79991553494
79147293507
79381626274
79890382238
79967225458
79265805261
79629003007
79145765636
79145462234
79614611370
79145963375
79143140785
79510066688
79833171110
79187473982
79145198109
79143134818
79289568360
79621818887
79146800760
79144051105
79215658880
79500196815
79177471974
79621820274
79183218455
79251463058
79147369334
79507762876
79627901093
79142206267
79145119847
79142072647
79521721535
79147737123
79167426656
79266213326
79802404214
79127546994
79299480249
79146727031
79145473134
79148778497
79192821806
79658792185
79147930269
79263485888
79142030203
79295941506
79825000862
79503458475
79145263093
79224026735
79142411007
79520396882
79145079986
79870856676
79148882691
79153198844
79772829943
79147034291
79053267463
79294367844
79144832711
79166633473
79520707170
79141967127
79151965562
79209046734
79287614045
79159837610
79262464762
79142246544
79536092019
79242346353
79268862410
79228291160
79146855563
79194601343
79633098837
79778027464
79143553520
79787682818
79142551097
79236519551
79141903924
79146856111
79147467748
79620532975
79142192915
79144840471
79538938560
79143656296
79170652504
79507677694
79600772052
79220344235
79142196933
79146130240
79144987634
79142036840
79638108836
79142837411
79992507812
79816500614
79142070807
79009337478
79685754343
79177594305
79377486537
79250528766
79142707712
79833087273
79276093603
79146285517
79146717430
79241055045
79243083025
79147737172
79144812481
79158941526
79201111269
79990377867
79148641386
79205678364
79964467692
79232971337
79509059482
79525304075
79145907980
79159927501
79523713547
79200011937
79996516281
79515917551
79315381909
79236134121
79144131741
79218364430
79223159971
79147314923
79145853466
79185976306
79147408521
79220689547
79145186470
79145866382
79653053232
79142113949
79146395834
79147365042
79161024249
79534011540
79217071921
79148721330
79144258613
79147297468
79537524543
79142724404
79141780510
79523696988
79381350005
79620352929
79209110330
79147016829
79885691171
79005381205
79604959506
79296799771
79242506020
79141983960
79147065916
79206751673
79251939552
79142610922
79147458357
79155628053
79851864429
79514093024
79218155779
79143796946
79145384412
79622208660
79147090033
79144319190
79145671569
79898145790
79146670867
79637649820
79228637273
79147680400
79147809026
79621231075
79531934507
79636418559
79649047315
79144748291
79603690491
79615778150
79994151237
79641617701
79146630796
79147664214
79224793640
79145215857
79656447280
79143538646
79273855768
79214828388
79148860084
79147094660
79585582491
79147147593
79146145173
79145420815
79146419547
79221993687
79144290596
79274972107
79912474137
79143249439
79280064691
79144402835
79145657791
79147320846
79142050789
79147966231
79214554394
79145081030
79142554447
79144176581
79147391974
79204443884
79149205493
79142066169
79525107191
79144836232
79190228812
79143532723
79169701667
79967369076
79963892295
79143923802
79142792612
79148831962
79286155860
79529246768
79501326561
79215382703
79992617070
79522594040
79146796532
79148452800
79385284048
79164584422
79146496688
79148503899
79142576614
79176796223
79253039019
79144007555
79146898830
79220298570
79621543804
79145560040
79143433260
79143437920
79142071282
79145733899
79144057067
79147319347
79208797112
79143697910
79525822791
79141873293
79146754397
79149008550
79619569636
79773434636
79174886926
79513341808
79275846007
79374606070
79146128218
79191408237
79148807647
79994539033
79145767625
79146662012
79898058517
79889510589
79969217524
79260383999
79959169921
79066081000
79147160157
79147497699
79142809853
79633351347
79518159017
79143607777
79530054320
79143580330
79513720395
79152562848
79885528343
79142542582
79025164777
79523434128
79881489931
79144751016
79145427034
79274394637
79537147024
79528260237
79144544113
79143081263
79147050993
79147785693
79277712881
79147680753
79834640505
79213052566
79145768775
79210405401
79371860562
79241632797
79143561040
79142796506
79102509909
79537508358
79142079292
79145281982
79081342391
79141757425
79126734835
79143542710
79222253656
79141986210
79234195661
79510077787
79940221720
79513148068
79616677325
79106435044
79500529813
79145628737
79144875484
79533976544
79216490908
79301026074
79827489939
79199439242
79147905422
79834452705
79613594555
79777213116
79185898345
79241166634
79172554252
79144550827
79143910777
79144662010
79143821133
79508054032
79148997949
79145238010
79241336729
79147002625
79676504896
79511983091
79143723729
79145830566
79617011220
79143004112
79251120873
79146759777
79144694083
79148761738
79224028342
79147767778
79146553131
79141937941
79162002087
79374589576
79604947242
79145121830
79144127000
79289285074
79146625612
79146716535
79145488131
79145611727
79858259747
79236065418
79532443488
79275141433
79135290113
79625709017
79144164173
79164552853
79304132636
79145546540
79196861590
79028007585
79144254728
79604537040
79992168770
79677779507
79044915099
79141843492
79146885143
79144878952
79615143863
79372314414
79183868797
79172526950
79142827234
79387773299
79212735346
79523288588
79147366515
79637841974
79252424055
79241984205
79147667018
79204285044
79144770377
79146227355
79500467045
79274802558
79676430113
79144569155
79629572595
79141961587
79143245480
79147273703
79500482578
79841104994
79143975665
79145223122
79146675182
79141849280
79143812844
79148735066
79148980715
79147573125
79143673480
79270919492
79204134180
79144798810
79639414273
79996549528
79281770705
79505257121
79147926765
79290070777
79142338433
79142920981
79169803804
79147860708
79531556411
79141976088
79142628151
79217341906
79146294195
79153786302
79144446644
79996010420
79841923914
79185721050
79261649490
79297170140
79630343453
79502083023
79144197656
79521608270
79146402303
79120436179
79089089240
79149185685
79003882323
79143970686
79146641718
79872236242
79250948416
79142703319
79536016198
79537972491
79148223817
79236618492
79174037874
79148229015
79500115516
79647678216
79149259047
79148586849
79144996500
79192313059
79997650997
79147510599
79286388154
79963958984
79147334415
79143170467
79772802603
79145013748
79146536644
79153347811
79147838217
79180504979
79534371129
79144043489
79234037473
79371757210
79142870711
79827548845
79671202081
79144681922
79143873373
79538266737
79147441078
79175199146
79141817982
79144060628
79148552760
79158758009
79144061133
79312865413
79243112860
79146511845
79145714641
79148700035
79147187799
79148584158
79372548620
79167569878
79232319162
79091785133
79997832854
79198335893
79521668401
79141904185
79277659202
79138784023
79142830747
79164720021
79145580006
79141884624
79143267018
79147592895
79600001622
79210802417
79146392473
79143998685
79234746245
79144314999
79145243027
79029752525
79144356425
79174517202
79186989347
79148575085
79143878062
79144264647
79144209664
79779839196
79148979294
79145687619
79200066276
79147906929
79144548289
79145541271
79141915430
79778269583
79099085367
79184063881
79242008480
79531510835
79881597838
79517820417
79262282777
79632894659
79144373267
79028345924
79627707869
79143062147
79082025999
79146174955
79147089358
79142939094
79206355398
79149155493
79147040733
79621169897
79277864636
79147694192
79246613377
79374651565
79253391374
79147434745
79185591381
79197445947
79372752650
79966363875
79502026192
79148735906
79203842512
79142057775
79147041246
79184460202
79881149828
79145476988
79143062772
79142376570
79142782317
79623100094
79149351234
79143924109
79536415145
79143402787
79969119790
79144545205
79308564979
79307456098
79146969500
79065321633
79146158029
79165127597
79246084646
79181580058
79180054938
79293451245
79992004155
79142183432
79825511239
79146834937
79147052537
79147210444
79219710616
79176546912
79811529116
79831245024
79146948569
79281135890
79536839193
79995113065
79146945578
79142654733
79383340767
79829213961
79144203824
79513079312
79189183078
79686810068
79143993673
79604715385
79147031826
79141730506
79143155719
79144443147
79143120528
79147265008
79207827922
79147058274
79149147993
79147979499
79144586594
79501370183
79604895748
79536725330
79157950071
79220555445
79963881981
79145391710
79148897080
79145883474
79169971096
79185158805
79539172512
79517739447
79148520557
79189415412
79141970551
79269032501
79608870837
79143337065
79277349261
79145419968
79145527134
79221093910
79146406578
79270969068
79930144602
79625657909
79242020096
79773788919
79146592635
79143187458
79144324817
79529345758
79281881106
79142171761
79144246527
79146944183
79656121820
79832284064
79219075876
79147101001
79963830310
79381309995
79145685207
79142163536
79148529909
79143227035
79145419590
79533206047
79145270054
79142192297
79274578347
79241723386
79144800111
79523804678
79146737138
79148720516
79144916772
79633195121
79145569900
79145820334
79153615406
79144806833
79174352580
79116628142
79517328688
79184223674
79148138906
79032802042
79143670916
79144056088
79261986361
79144342876
79170736230
79502091121
79242520428
79147131525
79293309894
79374711385
79622642409
79248534715
79811242658
79144156631
79774459202
79141738457
79241947033
79529033300
79510903717
79518735876
79148026100
79144414756
79146503070
79954152841
79782352596
79144988367
79148776724
79120717751
79148154092
79509550768
79236249798
79626298608
79132871777
79822613746
79228528781
79182010110
79145472605
79144818610
79159137838
79206161446
79119525006
79172613753
79144048085
79964278077
79147072418
79198154713
79145138502
79644729104
79991683634
79242712881
79141792699
79147234236
79142011714
79146470297
79147950945
79142083456
79147926131
79516030044
79147281651
79086527225
79144695292
79518236482
79296744830
79528525517
79374915750
79034494817
79147595442
79898116111
79132950916
79299999446
79310023970
79210404543
79531263007
79148995844
79147924356
79144243072
79147154424
79273803868
79175460450
79880897765
79146270084
79214502032
79313368432
79144846487
79213782529
79603250931
79146145156
79141733260
79144077810
79166166041
79202630433
79829765318
79280365998
79147002528
79278924315
79856488990
79180117108
79068655886
79532353897
79370757220
79531321525
79144148005
79142070822
79270402028
79144719883
79241172679
79144286477
79638556369
79525961116
79522968552
79146912894
79035909322
79851960088
79999739197
79962809632
79147319722
79220369202
79502090359
79159958110
79510193468
79217772367
79148523256
79608585122
79198066948
79510015300
79516675059
79102139191
79517914916
79144094365
79146659324
79890802114
79179239729
79168125697
79142051339
79833552929
79145667761
79236541441
79227028165
79127082478
79277146640
79265200825
79146916283
79147420802
79195536727
79379984555
79144904339
79676476780
79162625140
79144785539
79504323087
79189963344
79249187936
79147200339
79641824309
79141816791
79232769734
79144703068
79213244317
79377773926
79656591117
79603368917
79277855401
79148002737
79877085412
79146996278
79996067901
79145553299
79204295561
79143216992
79144826314
79146867476
79841887111
79146803286
79149754551
79042139802
79142024900
79516041659
79518155541
79226213797
79033428995
79161503995
79241027991
79147418638
79142148338
79146059449
79143679575
79242372047
79539209920
79141886368
79625622048
79147905299
79030461678
79147903046
79271652637
79148732358
79145417010
79143152648
79961858754
79241878814
79313115306
79144148554
79539589449
79144726737
79145141170
79144689949
79147149530
79208377877
79140417565
79995343585
79280354247
79142142049
79142699473
79145663296
79147990666
79143218112
79150905341
79536038052
79509989612
79147940500
79264667550
79276159630
79147724337
79998167382
79312304062
79527405949
79964241140
79143185403
79523231364
79154825112
79143261105
79147185050
79954064394
79143110560
79143220226
79255064809
79180772770
79144205261
79511583473
79144900650
79236957420
79266787675
79147076470
79529234228
79146514028
79537621102
79897600503
79145471992
79144829271
79145545761
79174660748
79144397218
79208654590
79145899509
79143412701
79148039277
79196652122
79146756943
79185618601
79805616708
79623389042
79147447262
79063753595
79625571742
79142168572
79537054280
79505907068
79288481503
79529451509
79657724125
79141904670
79505807020
79877332856
79325402548
79146668715
79144554236
79178812707
79142919252
79194885532
79510833130
79086300286
79788570630
79145764470
79534160536
79145482786
79146001525
79144922505
79187593059
79877548903
79215606606
79144033018
79241838692
79146975270
79152355321
79144587631
79144302890
79126857575
79227837328
79153819577
79617751895
79648022254
79143174613
79254824682
79214224077
79990885334
79679873942
79147347430
79771977841
79276353757
79506559755
79832870233
79142611639
79145651150
79146441027
79632918551
79144351334
79145624164
79149094912
79147334001
79509991899
79171408781
79201567552
79146658236
79969525230
79179314302
79242846856
79191858374
79142515180
79147028345
79142060708
79624205688
79235658665
79144638174
79145890002
79222893561
79147413480
79142195033
79146402344
79219100120
79511897375
79142463682
79537380261
79191366254
79263391832
79535017932
79634770262
79236743770
79148729133
79145432015
79246268986
79773270186
79994902109
79146510583
79243014528
79147731550
79141724747
79649988502
79964189563
79148467997
79500139402
79165956593
79147029322
79146606541
79003887648
79145164537
79379730745
79185436966
79141763396
79500670982
79647410670
79147707460
79143961735
79222720122
79527349258
79146702844
79600629608
79177777960
79147347084
79180379656
79148851226
79530133925
79187017724
79144168146
79146889732
79811960130
79145001271
79143144593
79147294985
79143719557
79141892711
79141765455
79146580897
79146130346
79142526564
79207477057
79143422120
79147909177
79998278655
79277932092
79146962725
79050539758
79148349638
79144562328
79217787868
79219780356
79147255595
79142975204
79146310031
79869857000
79653196275
79506455217
79321105555
79142973791
79144726007
79961078693
79145450221
79144917655
79142811234
79045337759
79165549654
79143554825
79147021221
79236592855
79144234066
79142036004
79145113514
79148996111
79999040206
79822729119
79068726390
79145048160
79145576178
79216863201
79205797548
79242648060
79141900699
79281457444
79609182618
79821841645
79842863891
79145606063
79143270030
79524825059
79144381628
79148154103
79286280661
79229500553
79149206960
79964011529
79143114003
79146982272
79145291165
79147776065
79514450000
79998190186
79511657406
79144089257
79019014909
79771249188
79525194094
79146715750
79181328884
79147500187
79141973446
79147328515
79506233573
79149227667
79287132400
79940155199
79146296643
79280684270
79147379263
79147918857
79145668187
79217954542
79146219711
79087891330
79245638485
79144592431
79687975117
79145405384
79145546840
79991331773
79144358649
79186829213
79142089662
79039974397
79147558341
79626196666
79144347207
79183680839
79147456834
79242119247
79231484247
79881199591
79166079037
79183324799
79138781126
79525901648
79627110697
79778273764
79145640103
79142601074
79991058795
79146537688
79147132591
79508717263
79655569597
79148408089
79146861901
79060871576
79505061666
79144033103
79177980418
79145952785
79995384824
79512173984
79667665818
79166047888
79198071913
79103178275
79523782394
79653247671
79373034122
79148725580
79185354120
79017693972
79658719575
79098199016
79141761321
79500564605
79232128230
79089160858
79851615900
79612226355
79645553159
79142526429
79145071555
79991300316
79142041001
79877042410
79144208436
79241187341
79147558455
79898385183
79143781215
79058253554
79160443165
79144317207
79146745566
79146776358
79156092942
79503152136
79788757571
79141866920
79149135276
79149343273
79147914781
79183359500
79653560651
79141876526
79142481216
79143037094
79582664466
79841927815
79141926810
79148865412
79876352204
79146968108
79655019913
79137738103
79148961130
79145001384
79141907565
79517401760
79824657241
79146637317
79141795596
79145620374
79290071712
79141819939
79145135025
79215850244
79998138386
79141728573
79144492834
79146580928
79156311813
79144310540
79226056217
79146163096
79602023985
79147012582
79951814971
79141886911
79145410490
79535294597
79615838000
79375167967
79265251077
79532603507
79263736259
79788238157
79148719621
79213231968
79144207669
79871886547
79147295693
79145811999
79672952760
79146673600
79787689631
79123262966
79145229294
79375759029
79148920457
79147981365
79146334168
79194569151
79189826551
79145168548
79145382558
79083155290
79146496645
79146574282
79518129555
79148787865
79247696920
79319651610
79145388062
79146757991
79146059010
79147063730
79146915666
79146955787
79144023922
79142592049
79778805082
79615399109
79292649258
79630547148
79217716627
79144057553
79143496163
79149068196
79286356727
79147170016
79234225560
79146518543
79519505387
79143156056
79629566724
79514516188
79146570919
79146927011
79147724834
79146839207
79612498539
79147607477
79147565424
79145509647
79217573167
79042818743
79788157731
79276856002
79206734786
79511047755
79509752257
79147083519
79244653426
79636667454
79650014274
79609884047
79828753390
79378005929
79606881457
79049613686
79537099536
79146983683
79145205337
79092099905
79145217466
79146822699
79841708814
79142168864
79284541863
79534348169
79146132256
79147660117
79136294197
79143313254
79142682072
79192878400
79241976406
79147174307
79147182790
79210624833
79144143182
79145558264
79147115493
79147448629
79511175274
79155300661
79142568232
79841114202
79146897354
79204071412
79147131632
79147482727
79148369485
79147934842
79144251544
79144527879
79292732691
79237296734
79293982141
79216028819
79141726880
79147705117
79857289921
79009521664
79144058123
79147161754
79639239920
79141883049
79143137359
79232202190
79143081955
79825026384
79892694588
79144651607
79144006900
79145462032
79236454612
79645796644
79511226077
79388820226
79145078550
79626760789
79147787900
79268387721
79144475872
79857692338
79145451028
79191941534
