7917553
7917492
7917421
7916327
7916551
7916804
7926269
7926582
7926544
7926527
7926705
7985233
7926967
7917464
7917544
7917751
7917896
7983106
7983583
7916191
7916145
7916143
7916108
7916130
7916218
7916227
7916230
7916391
7916351
7916366
7916441
7916567
7916500
7916509
7916513
7916585
7916607
7916605
7926103
7926100
7926113
7916700
7916717
7916739
7916877
7916850
7926270
7926288
7926341
7926373
7926304
7926312
7926327
7916953
7916965
7916939
7926424
7926421
7926401
7926542
7926552
7926535
7926531
7926676
7926671
7926693
7926622
7926722
7926723
7926826
7917466
7917767
7917710
7917741
7917868
7917806
7917805
7917803
7917931
7901098
7925199
7901452
7901450
7925772
7925891
7983108
7983179
7983216
7983326
7985957
7917274
7917281
7917292
7917252
7917251
7917390
7917345
7917404
7917413
7917418
7917416
7917420
7917428
7916196
7916123
7916137
7916135
7916205
7916210
7916216
7916261
7916266
7916286
7916295
7916293
7916224
7916221
7916228
7916232
7916247
7916256
7916338
7916393
7916346
7916343
7916341
7916348
7916349
7916354
7916421
7916426
7916437
7916448
7916458
7916416
7916415
7916464
7916478
7916487
7916542
7916540
7916571
7916507
7916511
7916517
7916522
7916529
7916530
7916588
7916671
7916680
7916686
7916681
7916696
7916693
7916621
7916628
7916626
7916632
7916612
7926060
7926072
7926022
7926108
7926101
7926102
7926119
7916792
7926114
7926111
7916711
7916727
7916732
7926246
7926255
7916823
7916851
7926266
7926268
7926264
7926265
7926273
7926274
7926280
7926282
7926347
7926363
7926364
7926371
7926376
7926379
7926300
7926324
7916956
7916963
7916920
7916928
7926477
7926471
7926484
7926490
7926446
7926453
7926454
7926404
7926400
7926589
7926590
7926597
7926549
7926555
7926550
7926567
7926568
7926565
7926526
7926521
7926538
7926660
7926690
7926625
7926655
7926657
7926611
7926783
7926785
7926780
7926767
7926702
7926708
7926725
7926727
7926737
7985159
7926866
7926835
7926842
7926843
7926932
7985268
7985225
7985301
7985384
7985437
7986932
7925974
7916068
7916071
7916086
7916080
7916093
7917472
7917477
7917476
7917434
7917456
7917517
7917530
7917536
7917500
7917506
7917565
7917569
7917607
7917612
7917766
7917776
7917783
7917739
7917737
7917743
7917708
7917705
7917792
7917874
7917883
7917881
7917894
7917853
7917858
7917857
7917804
7917922
7917921
7925039
7925031
7925000
7901093
7925055
7925100
7901287
7901284
7925276
7925340
7925369
7925303
7925304
7925322
7925567
7925505
7901608
7901717
7925713
7925723
7901761
7986767
7901785
7925858
7985644
7983147
7983137
7983126
7985783
7983124
7985761
7985760
7985762
7985727
7983199
7983186
7983261
7983218
7983206
7983201
7983389
7985999
7983328
7983329
7985922
7985909
7983403
7983581
7983582
7917045
7917117
7917110
7917147
7917298
7917246
7917250
7917259
7917255
7917261
7917214
7917222
7917395
7917399
7917368
7917386
7917403
7917415
7917422
7916185
7916183
7916140
7916144
7916152
7916157
7916158
7916155
7916154
7916169
7916165
7916172
7916177
7916175
7916101
7916113
7916122
7916128
7916138
7916131
7916206
7916215
7916268
7916273
7916271
7916290
7916298
7916234
7916239
7916258
7916253
7916306
7916313
7916325
7916336
7916333
7916331
7916332
7916337
7916388
7916384
7916370
7916373
7916424
7916434
7916435
7916412
7916467
7916465
7916466
7916463
7916462
7916469
7916481
7916480
7916548
7916546
7916555
7916565
7916561
7916568
7916575
7916572
7916501
7916520
7916527
7916533
7916535
7916580
7916586
7916584
7916590
7916597
7916596
7916594
7916663
7916677
7916688
7916683
7916692
7926014
7926012
7916622
7916623
7916630
7916644
7916641
7916648
7916655
7916652
7916653
7916651
7916659
7916657
7916608
7916603
7916601
7916609
7916616
7916614
7926074
7926088
7926089
7926026
7926035
7926037
7926038
7926040
7926042
7926109
7916783
7926118
7916798
7916742
7916746
7916747
7916757
7916774
7916720
7916721
7916731
7916733
7916734
7926248
7926244
7926245
7926256
7916862
7916869
7916868
7916866
7916883
7916882
7916827
7916825
7916841
7916842
7916840
7916800
7916817
7916814
7916811
7926262
7926271
7926272
7926278
7926276
7926283
7926285
7926287
7926358
7926355
7926350
7926351
7926352
7926369
7926366
7926377
7926372
7926309
7916981
7926319
7926314
7926317
7926321
7926333
7926330
7916951
7916957
7916954
7916977
7916901
7916922
7916934
7926381
7926388
7926390
7926392
7926465
7926461
7926478
7926480
7926482
7926498
7926494
7926428
7926425
7926438
7926434
7926402
7926414
7926580
7926585
7926588
7926598
7926594
7926545
7926540
7926557
7926554
7926574
7926577
7926524
7926520
7926534
7926532
7926533
7926662
7926664
7926672
7926685
7926687
7926683
7926695
7926628
7926648
7926647
7926654
7926650
7926604
7926602
7985076
7985000
7926788
7926797
7926755
7926757
7926752
7926766
7926762
7926706
7926700
7926709
7926716
7926717
7926718
7926739
7926810
7985184
7985175
7985165
7985155
7985156
7985132
7985117
7985112
7985107
7926868
7926869
7926860
7926863
7926878
7926873
7926874
7926898
7926892
7926824
7926821
7926822
7926847
7926845
7926840
7926851
7926909
7926906
7926911
7926934
7985288
7985279
7985250
7985257
7985300
7926990
7926953
7926979
7926976
7926970
7985387
7985364
7985366
7985342
7985344
7985345
7985447
7985433
7985417
7985418
7985474
7985454
7901950
7925906
7925917
7925918
7925925
7986977
7986964
7986918
7986928
7986904
7916078
7916091
7916012
7917471
7917470
7917475
7917496
7917433
7917430
7917437
7917446
7917445
7917442
7917441
7917461
7917469
7917515
7917514
7917520
7917528
7917546
7917545
7917542
7917507
7917505
7917591
7917595
7917555
7917563
7917562
7917561
7917570
7917575
7917583
7917636
7917657
7917698
7917755
7917759
7917764
7917763
7917769
7917775
7917788
7917785
7917782
7917717
7917716
7917713
7917732
7917738
7917742
7917745
7917700
7917797
7917795
7917876
7917875
7917872
7917871
7917877
7917885
7917890
7917898
7917855
7917865
7917862
7917866
7917801
7917998
7917917
7917915
7917925
7917938
7917937
7917935
7917945
7917900
7925029
7925024
7925022
7901086
7901050
7901099
7925069
7925064
7925073
7925131
7925149
7901149
7925151
7901198
7901180
7901188
7901189
7901186
7901115
7925177
7925191
7901289
7901281
7901282
7925274
7925275
7925229
7925227
7925237
7901206
7925208
7925202
7901230
7925377
7901384
7925354
7925352
7925305
7925314
7901369
7901362
7901340
7925462
7901424
7925448
7901459
7901454
7901451
7925530
7901555
7925540
7925555
7925506
7925517
7901588
7925512
7925522
7925685
7925632
7901696
7901690
7901691
7901711
7901715
7925718
7925724
7901760
7986745
7986719
7986710
7901799
7901780
7901778
7925825
7925833
7925838
7901863
7925868
7925860
7925878
7925874
7925872
7925882
7925884
7985680
7985613
7983054
7983145
7983132
7983113
7983104
7983109
7985734
7985728
7985704
7983171
7983165
7985879
7985838
7985813
7983297
7983371
7983353
7983354
7983316
7983317
7985964
7983305
7983308
7985952
7985928
7985933
7985936
7985935
7985923
7985910
7983464
7983466
7983580
7983554
7983528
7983510
7983502
7983697
7983623
7983606
7917087
7917081
7917044
7917131
7917271
7917270
7917277
7917288
7917287
7917286
7917295
7917291
7917290
7917299
7917230
7917238
7917253
7917262
7917260
7917268
7917267
7917266
7917223
7917307
7917394
7917366
7917373
7917314
7917322
7917334
7917346
7917344
7917342
7917341
7917405
7917414
7917424
7916184
7916182
7916181
7916141
7916149
7916146
7916147
7916150
7916168
7916167
7916170
7916179
7916104
7916102
7916107
7916115
7916114
7916112
7916110
7916119
7916117
7916118
7916126
7916124
7916120
7916121
7916133
7916134
7916132
7916203
7916204
7916202
7916207
7916283
7916284
7916287
7916225
7916226
7916223
7916229
7916236
7916237
7916235
7916233
7916238
7916246
7916244
7916241
7916242
7916251
7916255
7916303
7916309
7916304
7916310
7916315
7916316
7916320
7916321
7916328
7916326
7916335
7916334
7916330
7916339
7916383
7916380
7916386
7916394
7916397
7916395
7916342
7916340
7916357
7916358
7916355
7916356
7916352
7916359
7916360
7916361
7916363
7916376
7916422
7916420
7916428
7916425
7916433
7916439
7916436
7916446
7916447
7916457
7916453
7916401
7916402
7916408
7916405
7916406
7916418
7916419
7916417
7916461
7916471
7916474
7916472
7916489
7916491
7916545
7916553
7916559
7916558
7916564
7916562
7916563
7916576
7916505
7916502
7916503
7916518
7916526
7916524
7916539
7916538
7916536
7916589
7916587
7916660
7916667
7916675
7926000
7916690
7916691
7926019
7916695
7926011
7916620
7916625
7916624
7916633
7916635
7916643
7916646
7916650
7916600
7916606
7916602
7916610
7916615
7916613
7926068
7926065
7926070
7926079
7926082
7926081
7926086
7926021
7926023
7926033
7926041
7926043
7926044
7926045
7926050
7926051
7926052
7926106
7916787
7916782
7916788
7916790
7926117
7916795
7916793
7926110
7916740
7916741
7916744
7916754
7916751
7916758
7916767
7916776
7916773
7916771
7916777
7916778
7916706
7916702
7916701
7916709
7916716
7916714
7916712
7916719
7916728
7916726
7916724
7916722
7916723
7926249
7926257
7926254
7916864
7916874
7916875
7916870
7916871
7916879
7916886
7916887
7916828
7916826
7916824
7916830
7916836
7916833
7916849
7916846
7916858
7916859
7916805
7916802
7916809
7916808
7926267
7926281
7926284
7926343
7926345
7926365
7926361
7926370
7926375
7926307
7926308
7926305
7926306
7916983
7926302
7926315
7916995
7916996
7916993
7916991
7926329
7926326
7926322
7926337
7926332
7926334
7926335
7916941
7916955
7916960
7916961
7916969
7916964
7916904
7916903
7916908
7916906
7916914
7916917
7916926
7916921
7916930
7916935
7916932
7926380
7926387
7926393
7926398
7926469
7926463
7926479
7926470
7926475
7926472
7926474
7926491
7926497
7926495
7926496
7926427
7926420
7926422
7926430
7926450
7926407
7926409
7926403
7926417
7926415
7926416
7926586
7926587
7926581
7926583
7926591
7926599
7926592
7926593
7926546
7926541
7926543
7926556
7926559
7926551
7926569
7926563
7926564
7926561
7926562
7926576
7926571
7926572
7926503
7926529
7926522
7926536
7926530
7926668
7926663
7926679
7926674
7926670
7926688
7926684
7926680
7926681
7926697
7926691
7926627
7926624
7926630
7926646
7926642
7926659
7926656
7926606
7926600
7926612
7985092
7985089
7985075
7985062
7985065
7985066
7985052
7985035
7985014
7985017
7985006
7926787
7926789
7926786
7926781
7926782
7926795
7926791
7926750
7926753
7926769
7926765
7926763
7926776
7926703
7926701
7926707
7926714
7926710
7926719
7926728
7926720
7926732
7926733
7926731
7926815
7926818
7985191
7985196
7985163
7985164
7985166
7985133
7985123
7985124
7985126
7985113
7985115
7985116
7985204
7926867
7926871
7926888
7926889
7926883
7926881
7926891
7926820
7926838
7926832
7926833
7926834
7926848
7926841
7926857
7926859
7926854
7926901
7926904
7926900
7926908
7926912
7926915
7926917
7926918
7926925
7926926
7926927
7926928
7926933
7926939
7985293
7985295
7985298
7985284
7985273
7985274
7985264
7985258
7985243
7985244
7985247
7985232
7985229
7985221
7985222
7985217
7985305
7985308
7985303
7926989
7926997
7926992
7926991
7926948
7926956
7926952
7926950
7926964
7926960
7926961
7926978
7985385
7985389
7985360
7985369
7985352
7985356
7985341
7985448
7985442
7985436
7985438
7985430
7985424
7985414
7985415
7985410
7985400
7985492
7985482
7985489
7985476
7985462
7985463
7985451
7985563
7985554
7985525
7985521
7985522
7985517
7985519
7901956
7901949
7901995
7925904
7925907
7925913
7925916
7925924
7925926
7986994
7986976
7986971
7986975
7986966
7986968
7986951
7986921
7986923
7986927
7986903
7925999
7916063
7916061
7916062
7916060
7916066
7916084
7916089
7916088
7916090
7916099
7916028
7916021
7916030
7916031
7916037
7916035
7916032
7916040
7916056
7916054
7916055
7916006
7916003
7916001
7916014
7916013
7916019
7917478
7917481
7917487
7917491
7917498
7917435
7917439
7917438
7917449
7917458
7917457
7917467
7917463
7917513
7917512
7917524
7917523
7917521
7917527
7917525
7917535
7917539
7917543
7917541
7917547
7917504
7917552
7917559
7917567
7917571
7917574
7917572
7917638
7917645
7917655
7917651
7917659
7917666
7917663
7917662
7917608
7917604
7917603
7917617
7917613
7917623
7917629
7917624
7917676
7917675
7917674
7917693
7917753
7917750
7917765
7917768
7917774
7917771
7917778
7917787
7917723
7917733
7917731
7917736
7917740
7917704
7917702
7917701
7917791
7917873
7917879
7917878
7917887
7917886
7917884
7917880
7917889
7917888
7917840
7917854
7917859
7917864
7917863
7917869
7917867
7917802
7917812
7917827
7917996
7917995
7917999
7917953
7917952
7917969
7917912
7917911
7917910
7917918
7917908
7925016
7901040
7925025
7925026
7925034
7925035
7925037
7925033
7925040
7925045
7925048
7901084
7925005
7901056
7925002
7925003
7901000
7925092
7925091
7901096
7925051
7925054
7925061
7925134
7925132
7925155
7925157
7925160
7925161
7925164
7901191
7901193
7925115
7925117
7901179
7925124
7925125
7901173
7901122
7901123
7901120
7901119
7901114
7901111
7901103
7925175
7925182
7925186
7925193
7925195
7925259
7901288
7901285
7925265
7901277
7925266
7925268
7925264
7925278
7901263
7925272
7901262
7901259
7901257
7925286
7925223
7925233
7925230
7925231
7925243
7925240
7901201
7925209
7925203
7925206
7925200
7901220
7925290
7925291
7925296
7925376
7901386
7901387
7925346
7925347
7925345
7925357
7925358
7925353
7925356
7925366
7925362
7925300
7925301
7901366
7901349
7901347
7901337
7901334
7901332
7901403
7901409
7925490
7925494
7901496
7925455
7925451
7925460
7925473
7925484
7925419
7925414
7925415
7901437
7901435
7901423
7925436
7925447
7925443
7901461
7925405
7925403
7901525
7901523
7901513
7901506
7925575
7925576
7901557
7925544
7925545
7901538
7925566
7925562
7925507
7925500
7901592
7925516
7925513
7901580
7925529
7925523
7925525
7925520
7901609
7925601
7925602
7901635
7901633
7901686
7901682
7901673
7925676
7925678
7925673
7901650
7925682
7925616
7925613
7925619
7925625
7925624
7925620
7925639
7925633
7925645
7901694
7901695
7901720
7901721
7901719
7901718
7925715
7925711
7925725
7925726
7925722
7901757
7901753
7901752
7901759
7901746
7901744
7901733
7901739
7986779
7986776
7986739
7986724
7986709
7986713
7986714
7986704
7986703
7986700
7925771
7901797
7925787
7925782
7901782
7925791
7901779
7901773
7925735
7925751
7925823
7925822
7925834
7925839
7925847
7925848
7925842
7901857
7925804
7925800
7925805
7901807
7901804
7925852
7925851
7925864
7925865
7925879
7925875
7925880
7983003
7985647
7985640
7985642
7985600
7983053
7985695
7983149
7983143
7985799
7983130
7983133
7985795
7983135
7983127
7983129
7985782
7983123
7983116
7983118
7985774
7985766
7985769
7985763
7985764
7985744
7985747
7985739
7985725
7985726
7983190
7983182
7983183
7983187
7983188
7983173
7983174
7983176
7983161
7983150
7983155
7983258
7983256
7983249
7983227
7983221
7983214
7983217
7983213
7985864
7983202
7985851
7985834
7985831
7985823
7985812
7985814
7985800
7985805
7983290
7983292
7983296
7983282
7983271
7983382
7983383
7983384
7983388
7983372
7983361
7983359
7983348
7985990
7983331
7983327
7985980
7983321
7983322
7985984
7983323
7985976
7983314
7985975
7983315
7985978
7985970
7983311
7985973
7983304
7985954
7985956
7985955
7985959
7985932
7985931
7985938
7985906
7985916
7985904
7983393
7983396
7983398
7983399
7983469
7983450
7983451
7983448
7983437
7983428
7983422
7983402
7983406
7983587
7983550
7983546
7983527
7983529
7983509
7983500
7983503
7983692
7983694
7983634
7983625
7983620
7983615
7983601
7983603
7917072
7917084
7917083
7917099
7917049
7917004
7917012
7917197
7917157
7917154
7917163
7917114
7917129
7917149
7917144
7917273
7917272
7917276
7917275
7917282
7917280
7917294
7917236
7917235
7917232
7917231
7917248
7917247
7917244
7917243
7917242
7917256
7917269
7917203
7917201
7917211
7917217
7917227
7917226
7917225
7917220
7917392
7917398
7917396
7917359
7917352
7917362
7917360
7917365
7917372
7917378
7917375
7917374
7917384
7917383
7917312
7917310
7917318
7917316
7917332
7917340
7917348
7917347
7917343
7917400
7917408
7917407
7917406
7917412
7917419
7917417
7917429
7917427
7917426
7916180
7916188
7916189
7916195
7916194
7916192
7916199
7916148
7916153
7916162
7916160
7916174
7916171
7916178
7916100
7916109
7916116
7916111
7916125
7916129
7916136
7916201
7916214
7916260
7916269
7916265
7916264
7916270
7916279
7916276
7916274
7916282
7916289
7916288
7916285
7916294
7916291
7916299
7916296
7916222
7916231
7916240
7916248
7916243
7916259
7916257
7916254
7916252
7916301
7916308
7916314
7916311
7916312
7916319
7916318
7916389
7916385
7916396
7916347
7916345
7916362
7916378
7916375
7916423
7916429
7916427
7916432
7916431
7916445
7916443
7916444
7916440
7916449
7916456
7916452
7916451
7916400
7916407
7916413
7916410
7916411
7916414
7916460
7916470
7916476
7916477
7916473
7916486
7916483
7916484
7916492
7916490
7916496
7916494
7916541
7916554
7916550
7916557
7916560
7916570
7916578
7916579
7916508
7916506
7916512
7916519
7916523
7916521
7916528
7916534
7916531
7916591
7916593
7916665
7916666
7916664
7916661
7916669
7916668
7916674
7916672
7916670
7916678
7916685
7916684
7916682
7916689
7926017
7926018
7916694
7926015
7926016
7926010
7916627
7916631
7916638
7916636
7916637
7916649
7916647
7916654
7916658
7916656
7916604
7916611
7916618
7916619
7916617
7926075
7926077
7926084
7926085
7926080
7926090
7926098
7926028
7926029
7926024
7926020
7926039
7926030
7926036
7926031
7926034
7926047
7926048
7926049
7926057
7926058
7926053
7926055
7926056
7926105
7916786
7916784
7916780
7916781
7916789
7926104
7926116
7916797
7916796
7916794
7916799
7926112
7926115
7916745
7916753
7916755
7916768
7916769
7916766
7916775
7916707
7916705
7916703
7916708
7916718
7916715
7916729
7916737
7926247
7926258
7926253
7916861
7916860
7916878
7916884
7916881
7916889
7916888
7916820
7916821
7916829
7916831
7916838
7916847
7916848
7916845
7916852
7916853
7916854
7916806
7916803
7916807
7916812
7916813
7916810
7926263
7926277
7926275
7926286
7926292
7926348
7926349
7926340
7926359
7926354
7926356
7926357
7926353
7926360
7926367
7926368
7926362
7926378
7926374
7916986
7926318
7926316
7916994
7916990
7916997
7916998
7926310
7926311
7926313
7926325
7926328
7926323
7926320
7926336
7926338
7926331
7916940
7916946
7916942
7916943
7916952
7916968
7916967
7916973
7916974
7916971
7916972
7916979
7916905
7916902
7916900
7916907
7916916
7916913
7916919
7916918
7916927
7916924
7916925
7916923
7916929
7916938
7916936
7926382
7926389
7926383
7926384
7926385
7926391
7926399
7926394
7926395
7926396
7926468
7926464
7926473
7926429
7926426
7926423
7926436
7926437
7926431
7926433
7926448
7926445
7926441
7926459
7926455
7926456
7926406
7926405
7926418
7926413
7926411
7926412
7926584
7926595
7926547
7926548
7926553
7926560
7926578
7926573
7926502
7926511
7926528
7926523
7926525
7926539
7926537
7926666
7926665
7926661
7926677
7926678
7926673
7926682
7926696
7926694
7926629
7926621
7926639
7926631
7926632
7926644
7926645
7926643
7926607
7926608
7926609
7926616
7926613
7926614
7926619
7985080
7985087
7985088
7985072
7985073
7985074
7985077
7985078
7985079
7985063
7985064
7985056
7985057
7985058
7985040
7985044
7985045
7985047
7985031
7985033
7985034
7985020
7985029
7985021
7985028
7985012
7985003
7985004
7985005
7926784
7926794
7926796
7926793
7926758
7926768
7926764
7926760
7926777
7926712
7926726
7926734
7926735
7926730
7926800
7926814
7926811
7926817
7926819
7985190
7985192
7985193
7985182
7985183
7985171
7985172
7985174
7985179
7985168
7985152
7985154
7985141
7985142
7985144
7985146
7985135
7985136
7985137
7985128
7985121
7985125
7985118
7985119
7985111
7985109
7985100
7985205
7985207
7985201
7936222
7926864
7926865
7926861
7926875
7926877
7926872
7926886
7926887
7926882
7926884
7926894
7926896
7926825
7926823
7926828
7926829
7926836
7926831
7926830
7926853
7926855
7926856
7926850
7926902
7926903
7926907
7926914
7926923
7926922
7926936
7926937
7926938
7985291
7985292
7985296
7985299
7985280
7985276
7985266
7985259
7985249
7985245
7985239
7985228
7985223
7985224
7985212
7985213
7985316
7985313
7985306
7985309
7985302
7926988
7926983
7926980
7926993
7926994
7926945
7926946
7926942
7926944
7926940
7926957
7926955
7926968
7926969
7926963
7926966
7926974
7926975
7926971
7926972
7926973
7985392
7985394
7985396
7985380
7985381
7985383
7985362
7985363
7985367
7985350
7985359
7985354
7985355
7985358
7985349
7985340
7985343
7985338
7985331
7985333
7985335
7985449
7985441
7985446
7985439
7985434
7985435
7985427
7985429
7985421
7985422
7985419
7985411
7985413
7985491
7985480
7985487
7985471
7985472
7985460
7985453
7985455
7985568
7985559
7985551
7985549
7985544
7985538
7985539
7985530
7985534
7985513
7985511
7985502
7985503
7925934
7925935
7925930
7925944
7925940
7925943
7901943
7901937
7925902
7901993
7925905
7925912
7925915
7925922
7925923
7901900
7901904
7901905
7901902
7901903
7986990
7986987
7986978
7986973
7986974
7986962
7986961
7986963
7986954
7986953
7986947
7986922
7986924
7986925
7986907
7986914
7986917
7986900
7986902
7986905
7925988
7925997
7925992
7916064
7916067
7916065
7916074
7916072
7916076
7916077
7916085
7916083
7916081
7916094
7916027
7916025
7916026
7916024
7916022
7916039
7916033
7916041
7916043
7916052
7916053
7916051
7916059
7916002
7916009
7916007
7916016
7916015
7916011
7917474
7917473
7917483
7917482
7917484
7917490
7917499
7917436
7917432
7917447
7917444
7917440
7917455
7917454
7917453
7917452
7917465
7917510
7917519
7917529
7917526
7917534
7917533
7917537
7917549
7917502
7917509
7917503
7917590
7917598
7917597
7917596
7917556
7917551
7917550
7917560
7917568
7917566
7917578
7917582
7917584
7917633
7917643
7917642
7917649
7917652
7917664
7917669
7917609
7917605
7917602
7917621
7917620
7917626
7917677
7917672
7917671
7917680
7917699
7917694
7917754
7917758
7917757
7917756
7917762
7917760
7917777
7917773
7917770
7917784
7917711
7917719
7917715
7917714
7917712
7917729
7917728
7917727
7917730
7917735
7917707
7917703
7917790
7917799
7917798
7917796
7917882
7917892
7917832
7917830
7917836
7917852
7917850
7917861
7917807
7917800
7917809
7917808
7917818
7917821
7917997
7917994
7917992
7917991
7917955
7917963
7917965
7917970
7917985
7917983
7917982
7917989
7917916
7917914
7917919
7917928
7917923
7917929
7917936
7917933
7917942
7917949
7917947
7917946
7917943
7917906
7917904
7917903
7917902
7917901
7925017
7925018
7901042
7925010
7925011
7901038
7901030
7925020
7925021
7901019
7925047
7901010
7925042
7925044
7901082
7901083
7925006
7901058
7901057
7901055
7925004
7901051
7901005
7901003
7925094
7925097
7901092
7925050
7925058
7925059
7925052
7925062
7925068
7925066
7925077
7925082
7925084
7925135
7925145
7925146
7925140
7925143
7925159
7901147
7925152
7901135
7925168
7925165
7901192
7925101
7925102
7925103
7925119
7925116
7901181
7925111
7925112
7925113
7901184
7901182
7925128
7925129
7901170
7925122
7901177
7901178
7901175
7925120
7901171
7901117
7901107
7901105
7901102
7925176
7925181
7925188
7925184
7925185
7925187
7925194
7925190
7925196
7901280
7901283
7925269
7901279
7925260
7901276
7901275
7925277
7901258
7925280
7925281
7925282
7925287
7925288
7925289
7925285
7925217
7925212
7925225
7925221
7925232
7925235
7925247
7901290
7925245
7901208
7901205
7901209
7901200
7925204
7925205
7901210
7986222
7925293
7925298
7925294
7925295
7925370
7925371
7925374
7925380
7925386
7925383
7925384
7925391
7925397
7925399
7901385
7901382
7901380
7925339
7925335
7925336
7925331
7925333
7925334
7925341
7925355
7925350
7925360
7925307
7901315
7925309
7925318
7925319
7925313
7901300
7925310
7925311
7925329
7925324
7925325
7925326
7925327
7901367
7901363
7901360
7901358
7901353
7901346
7901344
7901342
7901343
7901341
7901339
7901335
7901336
7901333
7901402
7925496
7925497
7925492
7901491
7925458
7925453
7925468
7925463
7925464
7925466
7925461
7925478
7925479
7925482
7925416
7925417
7925412
7901446
7901444
7925411
7901438
7901433
7901427
7925438
7901428
7925439
7901426
7901421
7901422
7901429
7925430
7925449
7901414
7925442
7925444
7901483
7901481
7901482
7901470
7901471
7925406
7925407
7925408
7901453
7901527
7901524
7901521
7901516
7901514
7901511
7901510
7901505
7901500
7901501
7901508
7925573
7925572
7925584
7925585
7925595
7925594
7925534
7901561
7925542
7901546
7901545
7925556
7901542
7925552
7925553
7901537
7901535
7925563
7901530
7925564
7925560
7925503
7925509
7901593
7901590
7925514
7901587
7925526
7925528
7901579
7901576
7901607
7925605
7901645
7901644
7901640
7901632
7901631
7901610
7901618
7925699
7925695
7901687
7901688
7925650
7901684
7901681
7925653
7925669
7925666
7901675
7925662
7901670
7925664
7901671
7901665
7925677
7901663
7901662
7925674
7901658
7901656
7901657
7925688
7925683
7925681
7925629
7925630
7925631
7925649
7901698
7925644
7901699
7901697
7925646
7901692
7901693
7925642
7901725
7901727
7901713
7901714
7925703
7925704
7901710
7925706
7925707
7925708
7901716
7925709
7901703
7925712
7901709
7901706
7901707
7901704
7925728
7901767
7901755
7901754
7901750
7901747
7901745
7901742
7901748
7901736
7901734
7901732
7901737
7986768
7986760
7986761
7986765
7986753
7986742
7986744
7986743
7986734
7986737
7986738
7986731
7986733
7986723
7986726
7986722
7986718
7986711
7986702
7986705
7925777
7925773
7901798
7901793
7901794
7901790
7925781
7901788
7925797
7925793
7901783
7901775
7901776
7901771
7925737
7925738
7925732
7925733
7925734
7925730
7925747
7925740
7925741
7925758
7925755
7925750
7925764
7925767
7925761
7925824
7925826
7901830
7925820
7925837
7925830
7925845
7925846
7925843
7901888
7901866
7901860
7925802
7901854
7925803
7901852
7901853
7901858
7901801
7901806
7901803
7986790
7986799
7986786
7986785
7986787
7925897
7925892
7925894
7925890
7901894
7925856
7925854
7925855
7925867
7925869
7925863
7925866
7925876
7925885
7925886
7925888
7925883
7985582
7985574
7985577
7985682
7985681
7985668
7985660
7985661
7985666
7985634
7985620
7985614
7985616
7985618
7985610
7983077
7983051
7985691
7985693
7985698
7983148
7983142
7983144
7983146
7985791
7983131
7983134
7983136
7983120
7983122
7983125
7985786
7985778
7983119
7985773
7985776
7985775
7985767
7983105
7985768
7983107
7983101
7985765
7985755
7985759
7985752
7985746
7985748
7985741
7985736
7985731
7985719
7985723
7985722
7985724
7985711
7985700
7983192
7983193
7983195
7983196
7983198
7983180
7983184
7983185
7983189
7983172
7983175
7983177
7983178
7983160
7983164
7983168
7983159
7983152
7983154
7983264
7983266
7983267
7983259
7983251
7983252
7983257
7983247
7983248
7983241
7983243
7983244
7985899
7985891
7985890
7983230
7983232
7985894
7985880
7983220
7985885
7985877
7983215
7985873
7983210
7985866
7983203
7983204
7985865
7985867
7983207
7983208
7983209
7983200
7985848
7985829
7985833
7985809
7985801
7983291
7983293
7983294
7983281
7983283
7983285
7983288
7983275
7983276
7983278
7983381
7983386
7983387
7983374
7983375
7983376
7983377
7983378
7983360
7983363
7983364
7983358
7983350
7983351
7983356
7983346
7983345
7985998
7985991
7985994
7983332
7985993
7985995
7983324
7985987
7985986
7983325
7985989
7985988
7983320
7985982
7985985
7985979
7983318
7983319
7985972
7983302
7985965
7983303
7985967
7983306
7983309
7985960
7983301
7985953
7985950
7985951
7985949
7985918
7985919
7936999
7985926
7985912
7985911
7983390
7983391
7983395
7983460
7983461
7983465
7983445
7983443
7983444
7983434
7983432
7983425
7983409
7983412
7983413
7983401
7983404
7983408
7983400
7983588
7983586
7983574
7983576
7983566
7983565
7983555
7983556
7983551
7983553
7983543
7983537
7983530
7983524
7983515
7983518
7983690
7983695
7983696
7983636
7983637
7983630
7983631
7983618
7983621
7983607
7983609
7983610
7983611
7983613
7983614
7983600
7983602
7917073
7917086
7917089
7917088
7917096
7917032
7917030
7917039
7917038
7917040
7917048
7917053
7917057
7917056
7917063
7917062
7917061
7917060
7917007
7917008
7917018
7917016
7917015
7917014
7917013
7917029
7917025
7917195
7917199
7917153
7917158
7917155
7917164
7917162
7917168
7917167
7917166
7917175
7917174
7917172
7917170
7917176
7917186
7917183
7917189
7917187
7917115
7917113
7917120
7917128
7917127
7917126
7917124
7917138
7917141
7917143
7917106
7917105
7917104
7917103
7917102
7917278
7917284
7917296
7917237
7917234
7917239
7917241
7917240
7917249
7917245
7917258
7917257
7917254
7917265
7917264
7917205
7917204
7917216
7917215
7917213
7917212
7917210
7917219
7917218
7917229
7917304
7917301
7917308
7917306
7917393
7917391
7917350
7917355
7917353
7917361
7917369
7917364
7917363
7917379
7917382
7917389
7917388
7917385
7917315
7917311
7917326
7917323
7917320
7917336
7917331
7917401
7917409
7917411
7917410
7917425
7916186
7916193
7916190
7916197
7916198
7916142
7916159
7916163
7916166
7916173
7916176
7916105
7916103
7916106
7916127
7916139
7916200
7916209
7916208
7916213
7916211
7916219
7916217
7916262
7916267
7916263
7916272
7916278
7916277
7916275
7916281
7916280
7916292
7916297
7916220
7916249
7916250
7916300
7916307
7916317
7916324
7916322
7916323
7916329
7916382
7916381
7916387
7916392
7916390
7916350
7916369
7916365
7916371
7916372
7916379
7916377
7916374
7916430
7916438
7916442
7916454
7916455
7916450
7916459
7916409
7916403
7916404
7916468
7916479
7916475
7916488
7916485
7916493
7916498
7916499
7916497
7916495
7916544
7916543
7916549
7916547
7916552
7916566
7916569
7916577
7916573
7916574
7916504
7916510
7916515
7916516
7916514
7916525
7916532
7916537
7916582
7916583
7916592
7916598
7916595
7916662
7916676
7916673
7916679
7926007
7926009
7916687
7926003
7926004
7926001
7916698
7916699
7916697
7926013
7916629
7916634
7916640
7926061
7926062
7926063
7926064
7926071
7926073
7926083
7926087
7926094
7926095
7926092
7926099
7926027
7926046
7926059
7926054
7926107
7916791
7916743
7916748
7916752
7916750
7916759
7916764
7916763
7916760
7916772
7916770
7916779
7916704
7916710
7916713
7916725
7916730
7916738
7916736
7926242
7926259
7926250
7926251
7916863
7916865
7916872
7916873
7916876
7916885
7916822
7916839
7916837
7916835
7916843
7916844
7916856
7916857
7916855
7916801
7916816
7916815
7916818
7916819
7926279
7926289
7926291
7926294
7926295
7926296
7926346
7926342
7926303
7916984
7916985
7916982
7916980
7916988
7916989
7916987
7926301
7916992
7926339
7916948
7916949
7916947
7916944
7916945
7916958
7916962
7916966
7916970
7916975
7916909
7916915
7916911
7916912
7916910
7916937
7916933
7916931
7926386
7926397
7926466
7926467
7926460
7926462
7926476
7926481
7926486
7926488
7926489
7926499
7926493
7926435
7926447
7926449
7926442
7926444
7926440
7926457
7926458
7926451
7926452
7926408
7926419
7926410
7926596
7926566
7926579
7926575
7926570
7926508
7926501
7926509
7926500
7926516
7926517
7926519
7926512
7926675
7926689
7926686
7926699
7926698
7926692
7926626
7926623
7926620
7926637
7926633
7926634
7926635
7926636
7926649
7926640
7926641
7926658
7926651
7926652
7926605
7926603
7926615
7926617
7926618
7926610
7985090
7985094
7985095
7985097
7985098
7985081
7985083
7985084
7985070
7985071
7985060
7985067
7985068
7985069
7985050
7985053
7985054
7985055
7985059
7985041
7985043
7985046
7985048
7985032
7985036
7985038
7985022
7985023
7985025
7985027
7985010
7985011
7985013
7985015
7985016
7985007
7985009
7985002
7926799
7926792
7926748
7926744
7926745
7926740
7926759
7926754
7926761
7926779
7926772
7926775
7926771
7926715
7926711
7926713
7926721
7926724
7926729
7926736
7926738
7926802
7926806
7926807
7926808
7926813
7926816
7985194
7985195
7985197
7985198
7985199
7985180
7985181
7985187
7985170
7985173
7985177
7985178
7985161
7985167
7985150
7985151
7985153
7985140
7985143
7985147
7985148
7985130
7985138
7985120
7985122
7985127
7985110
7985114
7985106
7985101
7985102
7985104
7985105
7985206
7985208
7985209
7985200
7985202
7926862
7926879
7926876
7926870
7926880
7926897
7926899
7926895
7926837
7926839
7926846
7926849
7926844
7926858
7926852
7926905
7926913
7926910
7926916
7926919
7926924
7926920
7926921
7926935
7926930
7926931
7985294
7985282
7985285
7985286
7985289
7985270
7985271
7985275
7985277
7985278
7985262
7985263
7985251
7985253
7985254
7985255
7985256
7985240
7985238
7985230
7985231
7985234
7985235
7985236
7985237
7985220
7985226
7985218
7985211
7985214
7985315
7985317
7985318
7985319
7985310
7985312
7985314
7985304
7985307
7926987
7926981
7926982
7926984
7926996
7926941
7926949
7926958
7926959
7926954
7926951
7926965
7926962
7985390
7985388
7985361
7985365
7985368
7985351
7985348
7985346
7985347
7985339
7985330
7985332
7985440
7985444
7985445
7985431
7985432
7985425
7985428
7985420
7985401
7985490
7985484
7985485
7985488
7985473
7985475
7985479
7985461
7985464
7985465
7985466
7985468
7985458
7985450
7985456
7985457
7985569
7985561
7985564
7985558
7985552
7985553
7985556
7985547
7985543
7985535
7985536
7985533
7985527
7985528
7985529
7985520
7985515
7985510
7985512
7985506
7985507
7985500
7936555
7936510
7925932
7925939
7925945
7925941
7925942
7925949
7901942
7901940
7925952
7925953
7925954
7925967
7925969
7925962
7925965
7925960
7901999
7925901
7925903
7925909
7901990
7925911
7901986
7901982
7901983
7901981
7925927
7925928
7901923
7901908
7901909
7901906
7901907
7986998
7986991
7986995
7986997
7986996
7986989
7986984
7986983
7986985
7986979
7986970
7986972
7986967
7986969
7986960
7986958
7986950
7986948
7986949
7986941
7986935
7986939
7986938
7986931
7986930
7986919
7986926
7986908
7986909
7986911
7986912
7986915
7986901
7986906
7925977
7925973
7925975
7925985
7925980
7925995
7916069
7916075
7916073
7916082
7916087
7916096
7916097
7916095
7916092
7916098
7916020
7916023
7916029
7916036
7916042
7916058
7916057
7916004
7916017
7916010
7917479
7917480
7917488
7917485
7917494
7917493
7917497
7917495
7917431
7917443
7917450
7917459
7917468
7917511
7917518
7917532
7917531
7917540
7917548
7917501
7917508
7917594
7917554
7917558
7917564
7917579
7917577
7917573
7917581
7917589
7917587
7917585
7917634
7917632
7917631
7917630
7917639
7917635
7917640
7917647
7917646
7917653
7917650
7917658
7917667
7917660
7917668
7917601
7917600
7917611
7917610
7917619
7917618
7917616
7917615
7917622
7917628
7917625
7917670
7917673
7917679
7917689
7917686
7917690
7917697
7917696
7917695
7917761
7917772
7917779
7917780
7917786
7917781
7917789
7917718
7917721
7917724
7917748
7917747
7917746
7917706
7917794
7917870
7917897
7917891
7917899
7917831
7917839
7917838
7917837
7917833
7917843
7917842
7917848
7917846
7917851
7917856
7917860
7917810
7917816
7917815
7917814
7917813
7917811
7917819
7917829
7917823
7917822
7917993
7917990
7917951
7917950
7917957
7917956
7917954
7917968
7917974
7917979
7917978
7917976
7917984
7917981
7917980
7917988
7917987
7917913
7917920
7917927
7917924
7917930
7917939
7917934
7917941
7917948
7917905
7917909
7925019
7925013
7925015
7901044
7901041
7925027
7925028
7901037
7901034
7925023
7925036
7925032
7901016
7925049
7901017
7901015
7925046
7925041
7925043
7901081
7901080
7901088
7925009
7925007
7925008
7925001
7901054
7901009
7901008
7925093
7925095
7925096
7925098
7925099
7901095
7925053
7925067
7925063
7925065
7925070
7925072
7925079
7925074
7925075
7925081
7925083
7925080
7925085
7925088
7925137
7925138
7925139
7925133
7925130
7925144
7925141
7901150
7925150
7925158
7925154
7925166
7901131
7925169
7925162
7925109
7925104
7925106
7901195
7901196
7901194
7925114
7901185
7901183
7925110
7925126
7925127
7925123
7901176
7901172
7901113
7901110
7901109
7901100
7901101
7925170
7925171
7925172
7925173
7925174
7925183
7925189
7925197
7925198
7925258
7925254
7925256
7901286
7925251
7901278
7901274
7925267
7925261
7901272
7901273
7925262
7925263
7901271
7925270
7925271
7925279
7901256
7925218
7925219
7925214
7925215
7925216
7925210
7925226
7925222
7925224
7925239
7901299
7925244
7925241
7925242
7901207
7901203
7901204
7925207
7925201
7901243
7901242
7901240
7901236
7901234
7925299
7925297
7925378
7925372
7925373
7925387
7925382
7925385
7901388
7925393
7901383
7901381
7925396
7925337
7925338
7925332
7925330
7925348
7925349
7925342
7925343
7925344
7925351
7925368
7925364
7925367
7925363
7925308
7925302
7925317
7901303
7925315
7925316
7925328
7925320
7925321
7925323
7901368
7901365
7901361
7901359
7901357
7901355
7901351
7901352
7901350
7901348
7901345
7901338
7901331
7901405
7901401
7901400
7901407
7901408
7925491
7925498
7925495
7901492
7901490
7925456
7925457
7925452
7925454
7925450
7925467
7925469
7925465
7925474
7925476
7925470
7925472
7925485
7925486
7925487
7925488
7925481
7925418
7925413
7901442
7925410
7925427
7901439
7901436
7925429
7925423
7901432
7925425
7901430
7925420
7901431
7925421
7925434
7925435
7925437
7901420
7925431
7925433
7925445
7901413
7925446
7901419
7925441
7925440
7901489
7901485
7901479
7901464
7901458
7901456
7925404
7901526
7901522
7901520
7901529
7901515
7901512
7901519
7901504
7901503
7901507
7925578
7925579
7925574
7925570
7925571
7925581
7925590
7925598
7925591
7925592
7925593
7925538
7901568
7925539
7925533
7925535
7901565
7901560
7925532
7925548
7925549
7901556
7901553
7925546
7925547
7901551
7925541
7925543
7901548
7925559
7901549
7901547
7925550
7901534
7925568
7901531
7901532
7925561
7925504
7925502
7901597
7901598
7901596
7901594
7925518
7925511
7901586
7925519
7901585
7925510
7901581
7925527
7925524
7901575
7901574
7901571
7925521
7925603
7925604
7925606
7925600
7925607
7925608
7925609
7901641
7901642
7901616
7986555
7925698
7925658
7925659
7901689
7925654
7925656
7901685
7925652
7901678
7901679
7925665
7901677
7901674
7925668
7925661
7925660
7901669
7901666
7925679
7901664
7925675
7925671
7901659
7901654
7901655
7901652
7925680
7925615
7925611
7925618
7925628
7925621
7925622
7925637
7925638
7925634
7925648
7925643
7925640
7925641
7901722
7901723
7925702
7925705
7901712
7925714
7901700
7925716
7901701
7925710
7925717
7901705
7925727
7925720
7901769
7901766
7901763
7901756
7901751
7901743
7901740
7901741
7901749
7901735
7986770
7986772
7986775
7986769
7986764
7986756
7986759
7986758
7986751
7986752
7986755
7986754
7986747
7986749
7986741
7986736
7986728
7986721
7986715
7986706
7986708
7986707
7925775
7925776
7925770
7925786
7901795
7925788
7925789
7901796
7925784
7901791
7901792
7925785
7925780
7901789
7901786
7925798
7901787
7925794
7901781
7925796
7901774
7901772
7925736
7925731
7925746
7925748
7925744
7925759
7925753
7925754
7925756
7925752
7925768
7925765
7925766
7925762
7925763
7925815
7925817
7901832
7901831
7925821
7925828
7925829
7925835
7925836
7901822
7925831
7925832
7901811
7925841
7925849
7901889
7901870
7901868
7901864
7901869
7925801
7901850
7901851
7925809
7925806
7901859
7925808
7901800
7901805
7986793
7986792
7986794
7986797
7986796
7986780
7986789
7986781
7986784
7986783
7986788
7925896
7925898
7925893
7925895
7901898
7901892
7901891
7925857
7925859
7925850
7925861
7925862
7925877
7925870
7925871
7925873
7925887
7925881
7936600
7985580
7985584
7985587
7985588
7985579
7985572
7985571
7985575
7985578
7985683
7985686
7985688
7985687
7985662
7985664
7983002
7985665
7985655
7985646
7985649
7985636
7985639
7985638
7985633
7985632
7985624
7985626
7985625
7985629
7985622
7985615
7985611
7985604
7936666
7983075
7983057
7985690
7985692
7985694
7985696
7983138
7983139
7985794
7985793
7985796
7985789
7985788
7983128
7985781
7983121
7985785
7985787
7983115
7985777
7985779
7985770
7985772
7985771
7983111
7983112
7983114
7983100
7983102
7983103
7985756
7985758
7985757
7985750
7985751
7985754
7985749
7985740
7985743
7985742
7985729
7985721
7985720
7985716
7985715
7985718
7985717
7985705
7985706
7983191
7983194
7983197
7983181
7983170
7983162
7983166
7983167
7983151
7983157
7983260
7983262
7983255
7983242
7983245
7983246
7985898
7983238
7983231
7985892
7985895
7985897
7983235
7983225
7985888
7985889
7983229
7985882
7985881
7985884
7985883
7985886
7983224
7985876
7983219
7985871
7985870
7985872
7985875
7983212
7983205
7985869
7985861
7985863
7985855
7985854
7985858
7985853
7985852
7985844
7985847
7985842
7985841
7985837
7985836
7985839
7985819
7985824
7985826
7985828
7985827
7985820
7985808
7985807
7985810
7985815
7985816
7985804
7985803
7936936
7983280
7983284
7983287
7983289
7983270
7983273
7983274
7983277
7983279
7983380
7983379
7983373
7983369
7983362
7983365
7983366
7983357
7983355
7983347
7983349
7983340
7983341
7983342
7983344
7983336
7983339
7985992
7985996
7983334
7985983
7983313
7985977
7985971
7985974
7983312
7985966
7985969
7983307
7985963
7983300
7985939
7985942
7985945
7985944
7985946
7985940
7985929
7985934
7985937
7985930
7985917
7985921
7985920
7985925
7985924
7985907
7985908
7985914
7985913
7985915
7985905
7983392
7983394
7983397
7983467
7983462
7983463
7983456
7983457
7983458
7983459
7983452
7983453
7983455
7983446
7983449
7983435
7983433
7983423
7983424
7983426
7983420
7983414
7983416
7983418
7983419
7983410
7983411
7983405
7983407
7983591
7983592
7983593
7983595
7983596
7983585
7983575
7983564
7983552
7983544
7983545
7983549
7983542
7983533
7983534
7983536
7983539
7983532
7983522
7983525
7983520
7983521
7983516
7983517
7983505
7983507
7983698
7983699
7983693
7983633
7983635
7983639
7983622
7983624
7983627
7983608
7983616
7983604
7983605
7917076
7917075
7917074
7917070
7917085
7917082
7917080
7917090
7917098
7917097
7917092
7917091
7917037
7917033
7917043
7917042
7917041
7917047
7917059
7917064
7917069
7917067
7917066
7917003
7917009
7917017
7917011
7917019
7917021
7917028
7917026
7917024
7917023
7917196
7917194
7917193
7917192
7917190
7917198
7917152
7917151
7917159
7917161
7917169
7917173
7917179
7917178
7917182
7917181
7917180
7917112
7917111
7917119
7917123
7917122
7917136
7917134
7917133
7917132
7917148
7917146
7917145
7917101
7917108
7917107
7917279
7917283
7917289
7917297
7917233
7917263
7917202
7917200
7917207
7917224
7917221
7917228
7917302
7917300
7917305
7917351
7917358
7917357
7917356
7917354
7917367
7917371
7917370
7917377
7917376
7917381
7917387
7917313
7917319
7917317
7917324
7917329
7917328
7917327
7917333
7917338
7917349
7917402
7917423
