1069
1061
1068
1065
1067
1066
1062
1063
1064
1060
1029
1021
1028
1025
1027
1026
1022
1023
1024
1020
1089
1081
1088
1085
1087
1086
1082
1083
1084
1080
1049
1041
1048
1045
1047
1046
1042
1043
1044
1040
1099
1091
1098
1095
1097
1096
1092
1093
1094
1090
1039
1031
1038
1035
1037
1036
1032
1033
1034
1030
1059
1051
1058
1055
1057
1056
1052
1053
1054
1050
1079
1071
1078
1075
1077
1076
1072
1073
1074
1070
1769
1761
1768
1765
1767
1766
1762
1763
1764
1760
1729
1721
1728
1725
1727
1726
1722
1723
1724
1720
1789
1781
1788
1785
1787
1786
1782
1783
1784
1780
1749
1741
1748
1745
1747
1746
1742
1743
1744
1740
1799
1791
1798
1795
1797
1796
1792
1793
1794
1790
1739
1731
1738
1735
1737
1736
1732
1733
1734
1730
1759
1751
1758
1755
1757
1756
1752
1753
1754
1750
1709
1701
1708
1705
1707
1706
1702
1703
1704
1700
1869
1861
1868
1865
1867
1866
1862
1863
1864
1860
1829
1821
1828
1825
1827
1826
1822
1823
1824
1820
1849
1841
1848
1845
1847
1846
1842
1843
1844
1840
1899
1891
1898
1895
1897
1896
1892
1893
1894
1890
1839
1831
1838
1835
1837
1836
1832
1833
1834
1830
1859
1851
1858
1855
1857
1856
1852
1853
1854
1850
1809
1801
1808
1805
1807
1806
1802
1803
1804
1800
1879
1871
1878
1875
1877
1876
1872
1873
1874
1870
1469
1461
1468
1465
1467
1466
1462
1463
1464
1460
1429
1421
1428
1425
1427
1426
1422
1423
1424
1420
1489
1481
1488
1485
1487
1486
1482
1483
1484
1480
1499
1491
1498
1495
1497
1496
1492
1493
1494
1490
1439
1431
1438
1435
1437
1436
1432
1433
1434
1430
1459
1451
1458
1455
1457
1456
1452
1453
1454
1450
1409
1401
1408
1405
1407
1406
1402
1403
1404
1400
1479
1471
1478
1475
1477
1476
1472
1473
1474
1470
1969
1961
1968
1965
1967
1966
1962
1963
1964
1960
1929
1921
1928
1925
1927
1926
1922
1923
1924
1920
1989
1981
1988
1985
1987
1986
1982
1983
1984
1980
1949
1941
1948
1945
1947
1946
1942
1943
1944
1940
1939
1931
1938
1935
1937
1936
1932
1933
1934
1930
1959
1951
1958
1955
1957
1956
1952
1953
1954
1950
1909
1901
1908
1905
1907
1906
1902
1903
1904
1900
1979
1971
1978
1975
1977
1976
1972
1973
1974
1970
1629
1621
1628
1625
1627
1626
1622
1623
1624
1620
1689
1681
1688
1685
1687
1686
1682
1683
1684
1680
1649
1641
1648
1645
1647
1646
1642
1643
1644
1640
1699
1691
1698
1695
1697
1696
1692
1693
1694
1690
1639
1631
1638
1635
1637
1636
1632
1633
1634
1630
1659
1651
1658
1655
1657
1656
1652
1653
1654
1650
1609
1601
1608
1605
1607
1606
1602
1603
1604
1600
1679
1671
1678
1675
1677
1676
1672
1673
1674
1670
1269
1261
1268
1265
1267
1266
1262
1263
1264
1260
1289
1281
1288
1285
1287
1286
1282
1283
1284
1280
1249
1241
1248
1245
1247
1246
1242
1243
1244
1240
1299
1291
1298
1295
1297
1296
1292
1293
1294
1290
1239
1231
1238
1235
1237
1236
1232
1233
1234
1230
1259
1251
1258
1255
1257
1256
1252
1253
1254
1250
1209
1201
1208
1205
1207
1206
1202
1203
1204
1200
1279
1271
1278
1275
1277
1276
1272
1273
1274
1270
1369
1361
1368
1365
1367
1366
1362
1363
1364
1360
1329
1321
1328
1325
1327
1326
1322
1323
1324
1320
1389
1381
1388
1385
1387
1386
1382
1383
1384
1380
1349
1341
1348
1345
1347
1346
1342
1343
1344
1340
1399
1391
1398
1395
1397
1396
1392
1393
1394
1390
1359
1351
1358
1355
1357
1356
1352
1353
1354
1350
1309
1301
1308
1305
1307
1306
1302
1303
1304
1300
1379
1371
1378
1375
1377
1376
1372
1373
1374
1370
1569
1561
1568
1565
1567
1566
1562
1563
1564
1560
1529
1521
1528
1525
1527
1526
1522
1523
1524
1520
1589
1581
1588
1585
1587
1586
1582
1583
1584
1580
1549
1541
1548
1545
1547
1546
1542
1543
1544
1540
1599
1591
1598
1595
1597
1596
1592
1593
1594
1590
1539
1531
1538
1535
1537
1536
1532
1533
1534
1530
1509
1501
1508
1505
1507
1506
1502
1503
1504
1500
1579
1571
1578
1575
1577
1576
1572
1573
1574
1570
3069
3061
3068
3065
3067
3066
3062
3063
3064
3060
3029
3021
3028
3025
3027
3026
3022
3023
3024
3020
3019
3011
3018
3015
3017
3016
3012
3013
3014
3010
3089
3081
3088
3085
3087
3086
3082
3083
3084
3080
3049
3041
3048
3045
3047
3046
3042
3043
3044
3040
3099
3091
3098
3095
3097
3096
3092
3093
3094
3090
3059
3051
3058
3055
3057
3056
3052
3053
3054
3050
3079
3071
3078
3075
3077
3076
3072
3073
3074
3070
3769
3761
3768
3765
3767
3766
3762
3763
3764
3760
3729
3721
3728
3725
3727
3726
3722
3723
3724
3720
3719
3711
3718
3715
3717
3716
3712
3713
3714
3710
3789
3781
3788
3785
3787
3786
3782
3783
3784
3780
3749
3741
3748
3745
3747
3746
3742
3743
3744
3740
3799
3791
3798
3795
3797
3796
3792
3793
3794
3790
3759
3751
3758
3755
3757
3756
3752
3753
3754
3750
3709
3701
3708
3705
3707
3706
3702
3703
3704
3700
3869
3861
3868
3865
3867
3866
3862
3863
3864
3860
3829
3821
3828
3825
3827
3826
3822
3823
3824
3820
3819
3811
3818
3815
3817
3816
3812
3813
3814
3810
3849
3841
3848
3845
3847
3846
3842
3843
3844
3840
3899
3891
3898
3895
3897
3896
3892
3893
3894
3890
3859
3851
3858
3855
3857
3856
3852
3853
3854
3850
3809
3801
3808
3805
3807
3806
3802
3803
3804
3800
3879
3871
3878
3875
3877
3876
3872
3873
3874
3870
3469
3461
3468
3465
3467
3466
3462
3463
3464
3460
3429
3421
3428
3425
3427
3426
3422
3423
3424
3420
3419
3411
3418
3415
3417
3416
3412
3413
3414
3410
3489
3481
3488
3485
3487
3486
3482
3483
3484
3480
3499
3491
3498
3495
3497
3496
3492
3493
3494
3490
3459
3451
3458
3455
3457
3456
3452
3453
3454
3450
3409
3401
3408
3405
3407
3406
3402
3403
3404
3400
3479
3471
3478
3475
3477
3476
3472
3473
3474
3470
3969
3961
3968
3965
3967
3966
3962
3963
3964
3960
3929
3921
3928
3925
3927
3926
3922
3923
3924
3920
3919
3911
3918
3915
3917
3916
3912
3913
3914
3910
3989
3981
3988
3985
3987
3986
3982
3983
3984
3980
3949
3941
3948
3945
3947
3946
3942
3943
3944
3940
3959
3951
3958
3955
3957
3956
3952
3953
3954
3950
3909
3901
3908
3905
3907
3906
3902
3903
3904
3900
3979
3971
3978
3975
3977
3976
3972
3973
3974
3970
3629
3621
3628
3625
3627
3626
3622
3623
3624
3620
3619
3611
3618
3615
3617
3616
3612
3613
3614
3610
3689
3681
3688
3685
3687
3686
3682
3683
3684
3680
3649
3641
3648
3645
3647
3646
3642
3643
3644
3640
3699
3691
3698
3695
3697
3696
3692
3693
3694
3690
3659
3651
3658
3655
3657
3656
3652
3653
3654
3650
3609
3601
3608
3605
3607
3606
3602
3603
3604
3600
3679
3671
3678
3675
3677
3676
3672
3673
3674
3670
3269
3261
3268
3265
3267
3266
3262
3263
3264
3260
3219
3211
3218
3215
3217
3216
3212
3213
3214
3210
3289
3281
3288
3285
3287
3286
3282
3283
3284
3280
3249
3241
3248
3245
3247
3246
3242
3243
3244
3240
3299
3291
3298
3295
3297
3296
3292
3293
3294
3290
3259
3251
3258
3255
3257
3256
3252
3253
3254
3250
3209
3201
3208
3205
3207
3206
3202
3203
3204
3200
3279
3271
3278
3275
3277
3276
3272
3273
3274
3270
3169
3161
3168
3165
3167
3166
3162
3163
3164
3160
3129
3121
3128
3125
3127
3126
3122
3123
3124
3120
3189
3181
3188
3185
3187
3186
3182
3183
3184
3180
3149
3141
3148
3145
3147
3146
3142
3143
3144
3140
3199
3191
3198
3195
3197
3196
3192
3193
3194
3190
3159
3151
3158
3155
3157
3156
3152
3153
3154
3150
3109
3101
3108
3105
3107
3106
3102
3103
3104
3100
3179
3171
3178
3175
3177
3176
3172
3173
3174
3170
3569
3561
3568
3565
3567
3566
3562
3563
3564
3560
3529
3521
3528
3525
3527
3526
3522
3523
3524
3520
3519
3511
3518
3515
3517
3516
3512
3513
3514
3510
3589
3581
3588
3585
3587
3586
3582
3583
3584
3580
3549
3541
3548
3545
3547
3546
3542
3543
3544
3540
3599
3591
3598
3595
3597
3596
3592
3593
3594
3590
3509
3501
3508
3505
3507
3506
3502
3503
3504
3500
3579
3571
3578
3575
3577
3576
3572
3573
3574
3570
5069
5061
5068
5065
5067
5066
5062
5063
5064
5060
5029
5021
5028
5025
5027
5026
5022
5023
5024
5020
5019
5011
5018
5015
5017
5016
5012
5013
5014
5010
5089
5081
5088
5085
5087
5086
5082
5083
5084
5080
5049
5041
5048
5045
5047
5046
5042
5043
5044
5040
5099
5091
5098
5095
5097
5096
5092
5093
5094
5090
5039
5031
5038
5035
5037
5036
5032
5033
5034
5030
5079
5071
5078
5075
5077
5076
5072
5073
5074
5070
5769
5761
5768
5765
5767
5766
5762
5763
5764
5760
5729
5721
5728
5725
5727
5726
5722
5723
5724
5720
5719
5711
5718
5715
5717
5716
5712
5713
5714
5710
5789
5781
5788
5785
5787
5786
5782
5783
5784
5780
5749
5741
5748
5745
5747
5746
5742
5743
5744
5740
5799
5791
5798
5795
5797
5796
5792
5793
5794
5790
5739
5731
5738
5735
5737
5736
5732
5733
5734
5730
5709
5701
5708
5705
5707
5706
5702
5703
5704
5700
5869
5861
5868
5865
5867
5866
5862
5863
5864
5860
5829
5821
5828
5825
5827
5826
5822
5823
5824
5820
5819
5811
5818
5815
5817
5816
5812
5813
5814
5810
5849
5841
5848
5845
5847
5846
5842
5843
5844
5840
5899
5891
5898
5895
5897
5896
5892
5893
5894
5890
5839
5831
5838
5835
5837
5836
5832
5833
5834
5830
5809
5801
5808
5805
5807
5806
5802
5803
5804
5800
5879
5871
5878
5875
5877
5876
5872
5873
5874
5870
5469
5461
5468
5465
5467
5466
5462
5463
5464
5460
5429
5421
5428
5425
5427
5426
5422
5423
5424
5420
5419
5411
5418
5415
5417
5416
5412
5413
5414
5410
5489
5481
5488
5485
5487
5486
5482
5483
5484
5480
5499
5491
5498
5495
5497
5496
5492
5493
5494
5490
5439
5431
5438
5435
5437
5436
5432
5433
5434
5430
5409
5401
5408
5405
5407
5406
5402
5403
5404
5400
5479
5471
5478
5475
5477
5476
5472
5473
5474
5470
5969
5961
5968
5965
5967
5966
5962
5963
5964
5960
5929
5921
5928
5925
5927
5926
5922
5923
5924
5920
5919
5911
5918
5915
5917
5916
5912
5913
5914
5910
5989
5981
5988
5985
5987
5986
5982
5983
5984
5980
5949
5941
5948
5945
5947
5946
5942
5943
5944
5940
5939
5931
5938
5935
5937
5936
5932
5933
5934
5930
5909
5901
5908
5905
5907
5906
5902
5903
5904
5900
5979
5971
5978
5975
5977
5976
5972
5973
5974
5970
5629
5621
5628
5625
5627
5626
5622
5623
5624
5620
5619
5611
5618
5615
5617
5616
5612
5613
5614
5610
5689
5681
5688
5685
5687
5686
5682
5683
5684
5680
5649
5641
5648
5645
5647
5646
5642
5643
5644
5640
5699
5691
5698
5695
5697
5696
5692
5693
5694
5690
5639
5631
5638
5635
5637
5636
5632
5633
5634
5630
5609
5601
5608
5605
5607
5606
5602
5603
5604
5600
5679
5671
5678
5675
5677
5676
5672
5673
5674
5670
5269
5261
5268
5265
5267
5266
5262
5263
5264
5260
5219
5211
5218
5215
5217
5216
5212
5213
5214
5210
5289
5281
5288
5285
5287
5286
5282
5283
5284
5280
5249
5241
5248
5245
5247
5246
5242
5243
5244
5240
5299
5291
5298
5295
5297
5296
5292
5293
5294
5290
5239
5231
5238
5235
5237
5236
5232
5233
5234
5230
5209
5201
5208
5205
5207
5206
5202
5203
5204
5200
5279
5271
5278
5275
5277
5276
5272
5273
5274
5270
5169
5161
5168
5165
5167
5166
5162
5163
5164
5160
5129
5121
5128
5125
5127
5126
5122
5123
5124
5120
5189
5181
5188
5185
5187
5186
5182
5183
5184
5180
5149
5141
5148
5145
5147
5146
5142
5143
5144
5140
5199
5191
5198
5195
5197
5196
5192
5193
5194
5190
5139
5131
5138
5135
5137
5136
5132
5133
5134
5130
5109
5101
5108
5105
5107
5106
5102
5103
5104
5100
5179
5171
5178
5175
5177
5176
5172
5173
5174
5170
5369
5361
5368
5365
5367
5366
5362
5363
5364
5360
5329
5321
5328
5325
5327
5326
5322
5323
5324
5320
5319
5311
5318
5315
5317
5316
5312
5313
5314
5310
5389
5381
5388
5385
5387
5386
5382
5383
5384
5380
5349
5341
5348
5345
5347
5346
5342
5343
5344
5340
5399
5391
5398
5395
5397
5396
5392
5393
5394
5390
5309
5301
5308
5305
5307
5306
5302
5303
5304
5300
5379
5371
5378
5375
5377
5376
5372
5373
5374
5370
4069
4061
4068
4065
4067
4066
4062
4063
4064
4060
4029
4021
4028
4025
4027
4026
4022
4023
4024
4020
4019
4011
4018
4015
4017
4016
4012
4013
4014
4010
4089
4081
4088
4085
4087
4086
4082
4083
4084
4080
4099
4091
4098
4095
4097
4096
4092
4093
4094
4090
4039
4031
4038
4035
4037
4036
4032
4033
4034
4030
4059
4051
4058
4055
4057
4056
4052
4053
4054
4050
4079
4071
4078
4075
4077
4076
4072
4073
4074
4070
4769
4761
4768
4765
4767
4766
4762
4763
4764
4760
4729
4721
4728
4725
4727
4726
4722
4723
4724
4720
4719
4711
4718
4715
4717
4716
4712
4713
4714
4710
4789
4781
4788
4785
4787
4786
4782
4783
4784
4780
4799
4791
4798
4795
4797
4796
4792
4793
4794
4790
4739
4731
4738
4735
4737
4736
4732
4733
4734
4730
4759
4751
4758
4755
4757
4756
4752
4753
4754
4750
4709
4701
4708
4705
4707
4706
4702
4703
4704
4700
4869
4861
4868
4865
4867
4866
4862
4863
4864
4860
4829
4821
4828
4825
4827
4826
4822
4823
4824
4820
4819
4811
4818
4815
4817
4816
4812
4813
4814
4810
4899
4891
4898
4895
4897
4896
4892
4893
4894
4890
4839
4831
4838
4835
4837
4836
4832
4833
4834
4830
4859
4851
4858
4855
4857
4856
4852
4853
4854
4850
4809
4801
4808
4805
4807
4806
4802
4803
4804
4800
4879
4871
4878
4875
4877
4876
4872
4873
4874
4870
4969
4961
4968
4965
4967
4966
4962
4963
4964
4960
4929
4921
4928
4925
4927
4926
4922
4923
4924
4920
4919
4911
4918
4915
4917
4916
4912
4913
4914
4910
4989
4981
4988
4985
4987
4986
4982
4983
4984
4980
4939
4931
4938
4935
4937
4936
4932
4933
4934
4930
4959
4951
4958
4955
4957
4956
4952
4953
4954
4950
4909
4901
4908
4905
4907
4906
4902
4903
4904
4900
4979
4971
4978
4975
4977
4976
4972
4973
4974
4970
4629
4621
4628
4625
4627
4626
4622
4623
4624
4620
4619
4611
4618
4615
4617
4616
4612
4613
4614
4610
4689
4681
4688
4685
4687
4686
4682
4683
4684
4680
4699
4691
4698
4695
4697
4696
4692
4693
4694
4690
4639
4631
4638
4635
4637
4636
4632
4633
4634
4630
4659
4651
4658
4655
4657
4656
4652
4653
4654
4650
4609
4601
4608
4605
4607
4606
4602
4603
4604
4600
4679
4671
4678
4675
4677
4676
4672
4673
4674
4670
4269
4261
4268
4265
4267
4266
4262
4263
4264
4260
4219
4211
4218
4215
4217
4216
4212
4213
4214
4210
4289
4281
4288
4285
4287
4286
4282
4283
4284
4280
4299
4291
4298
4295
4297
4296
4292
4293
4294
4290
4239
4231
4238
4235
4237
4236
4232
4233
4234
4230
4259
4251
4258
4255
4257
4256
4252
4253
4254
4250
4209
4201
4208
4205
4207
4206
4202
4203
4204
4200
4279
4271
4278
4275
4277
4276
4272
4273
4274
4270
4169
4161
4168
4165
4167
4166
4162
4163
4164
4160
4129
4121
4128
4125
4127
4126
4122
4123
4124
4120
4189
4181
4188
4185
4187
4186
4182
4183
4184
4180
4199
4191
4198
4195
4197
4196
4192
4193
4194
4190
4139
4131
4138
4135
4137
4136
4132
4133
4134
4130
4159
4151
4158
4155
4157
4156
4152
4153
4154
4150
4109
4101
4108
4105
4107
4106
4102
4103
4104
4100
4179
4171
4178
4175
4177
4176
4172
4173
4174
4170
4369
4361
4368
4365
4367
4366
4362
4363
4364
4360
4329
4321
4328
4325
4327
4326
4322
4323
4324
4320
4319
4311
4318
4315
4317
4316
4312
4313
4314
4310
4389
4381
4388
4385
4387
4386
4382
4383
4384
4380
4399
4391
4398
4395
4397
4396
4392
4393
4394
4390
4359
4351
4358
4355
4357
4356
4352
4353
4354
4350
4309
4301
4308
4305
4307
4306
4302
4303
4304
4300
4379
4371
4378
4375
4377
4376
4372
4373
4374
4370
4569
4561
4568
4565
4567
4566
4562
4563
4564
4560
4529
4521
4528
4525
4527
4526
4522
4523
4524
4520
4519
4511
4518
4515
4517
4516
4512
4513
4514
4510
4589
4581
4588
4585
4587
4586
4582
4583
4584
4580
4599
4591
4598
4595
4597
4596
4592
4593
4594
4590
4539
4531
4538
4535
4537
4536
4532
4533
4534
4530
4509
4501
4508
4505
4507
4506
4502
4503
4504
4500
4579
4571
4578
4575
4577
4576
4572
4573
4574
4570
9069
9061
9068
9065
9067
9066
9062
9063
9064
9060
9029
9021
9028
9025
9027
9026
9022
9023
9024
9020
9019
9011
9018
9015
9017
9016
9012
9013
9014
9010
9089
9081
9088
9085
9087
9086
9082
9083
9084
9080
9049
9041
9048
9045
9047
9046
9042
9043
9044
9040
9039
9031
9038
9035
9037
9036
9032
9033
9034
9030
9059
9051
9058
9055
9057
9056
9052
9053
9054
9050
9079
9071
9078
9075
9077
9076
9072
9073
9074
9070
9769
9761
9768
9765
9767
9766
9762
9763
9764
9760
9729
9721
9728
9725
9727
9726
9722
9723
9724
9720
9719
9711
9718
9715
9717
9716
9712
9713
9714
9710
9789
9781
9788
9785
9787
9786
9782
9783
9784
9780
9749
9741
9748
9745
9747
9746
9742
9743
9744
9740
9739
9731
9738
9735
9737
9736
9732
9733
9734
9730
9759
9751
9758
9755
9757
9756
9752
9753
9754
9750
9709
9701
9708
9705
9707
9706
9702
9703
9704
9700
9869
9861
9868
9865
9867
9866
9862
9863
9864
9860
9829
9821
9828
9825
9827
9826
9822
9823
9824
9820
9819
9811
9818
9815
9817
9816
9812
9813
9814
9810
9849
9841
9848
9845
9847
9846
9842
9843
9844
9840
9839
9831
9838
9835
9837
9836
9832
9833
9834
9830
9859
9851
9858
9855
9857
9856
9852
9853
9854
9850
9809
9801
9808
9805
9807
9806
9802
9803
9804
9800
9879
9871
9878
9875
9877
9876
9872
9873
9874
9870
9469
9461
9468
9465
9467
9466
9462
9463
9464
9460
9429
9421
9428
9425
9427
9426
9422
9423
9424
9420
9419
9411
9418
9415
9417
9416
9412
9413
9414
9410
9489
9481
9488
9485
9487
9486
9482
9483
9484
9480
9439
9431
9438
9435
9437
9436
9432
9433
9434
9430
9459
9451
9458
9455
9457
9456
9452
9453
9454
9450
9409
9401
9408
9405
9407
9406
9402
9403
9404
9400
9479
9471
9478
9475
9477
9476
9472
9473
9474
9470
9629
9621
9628
9625
9627
9626
9622
9623
9624
9620
9619
9611
9618
9615
9617
9616
9612
9613
9614
9610
9689
9681
9688
9685
9687
9686
9682
9683
9684
9680
9649
9641
9648
9645
9647
9646
9642
9643
9644
9640
9639
9631
9638
9635
9637
9636
9632
9633
9634
9630
9659
9651
9658
9655
9657
9656
9652
9653
9654
9650
9609
9601
9608
9605
9607
9606
9602
9603
9604
9600
9679
9671
9678
9675
9677
9676
9672
9673
9674
9670
9269
9261
9268
9265
9267
9266
9262
9263
9264
9260
9219
9211
9218
9215
9217
9216
9212
9213
9214
9210
9289
9281
9288
9285
9287
9286
9282
9283
9284
9280
9249
9241
9248
9245
9247
9246
9242
9243
9244
9240
9239
9231
9238
9235
9237
9236
9232
9233
9234
9230
9259
9251
9258
9255
9257
9256
9252
9253
9254
9250
9209
9201
9208
9205
9207
9206
9202
9203
9204
9200
9279
9271
9278
9275
9277
9276
9272
9273
9274
9270
9169
9161
9168
9165
9167
9166
9162
9163
9164
9160
9129
9121
9128
9125
9127
9126
9122
9123
9124
9120
9189
9181
9188
9185
9187
9186
9182
9183
9184
9180
9149
9141
9148
9145
9147
9146
9142
9143
9144
9140
9139
9131
9138
9135
9137
9136
9132
9133
9134
9130
9159
9151
9158
9155
9157
9156
9152
9153
9154
9150
9109
9101
9108
9105
9107
9106
9102
9103
9104
9100
9179
9171
9178
9175
9177
9176
9172
9173
9174
9170
9369
9361
9368
9365
9367
9366
9362
9363
9364
9360
9329
9321
9328
9325
9327
9326
9322
9323
9324
9320
9319
9311
9318
9315
9317
9316
9312
9313
9314
9310
9389
9381
9388
9385
9387
9386
9382
9383
9384
9380
9349
9341
9348
9345
9347
9346
9342
9343
9344
9340
9359
9351
9358
9355
9357
9356
9352
9353
9354
9350
9309
9301
9308
9305
9307
9306
9302
9303
9304
9300
9379
9371
9378
9375
9377
9376
9372
9373
9374
9370
9569
9561
9568
9565
9567
9566
9562
9563
9564
9560
9529
9521
9528
9525
9527
9526
9522
9523
9524
9520
9519
9511
9518
9515
9517
9516
9512
9513
9514
9510
9589
9581
9588
9585
9587
9586
9582
9583
9584
9580
9549
9541
9548
9545
9547
9546
9542
9543
9544
9540
9539
9531
9538
9535
9537
9536
9532
9533
9534
9530
9509
9501
9508
9505
9507
9506
9502
9503
9504
9500
9579
9571
9578
9575
9577
9576
9572
9573
9574
9570
0769
0761
0768
0765
0767
0766
0762
0763
0764
0760
0729
0721
0728
0725
0727
0726
0722
0723
0724
0720
0719
0711
0718
0715
0717
0716
0712
0713
0714
0710
0789
0781
0788
0785
0787
0786
0782
0783
0784
0780
0749
0741
0748
0745
0747
0746
0742
0743
0744
0740
0799
0791
0798
0795
0797
0796
0792
0793
0794
0790
0739
0731
0738
0735
0737
0736
0732
0733
0734
0730
0759
0751
0758
0755
0757
0756
0752
0753
0754
0750
0869
0861
0868
0865
0867
0866
0862
0863
0864
0860
0829
0821
0828
0825
0827
0826
0822
0823
0824
0820
0819
0811
0818
0815
0817
0816
0812
0813
0814
0810
0849
0841
0848
0845
0847
0846
0842
0843
0844
0840
0899
0891
0898
0895
0897
0896
0892
0893
0894
0890
0839
0831
0838
0835
0837
0836
0832
0833
0834
0830
0859
0851
0858
0855
0857
0856
0852
0853
0854
0850
0879
0871
0878
0875
0877
0876
0872
0873
0874
0870
0469
0461
0468
0465
0467
0466
0462
0463
0464
0460
0429
0421
0428
0425
0427
0426
0422
0423
0424
0420
0419
0411
0418
0415
0417
0416
0412
0413
0414
0410
0489
0481
0488
0485
0487
0486
0482
0483
0484
0480
0499
0491
0498
0495
0497
0496
0492
0493
0494
0490
0439
0431
0438
0435
0437
0436
0432
0433
0434
0430
0459
0451
0458
0455
0457
0456
0452
0453
0454
0450
0479
0471
0478
0475
0477
0476
0472
0473
0474
0470
0969
0961
0968
0965
0967
0966
0962
0963
0964
0960
0929
0921
0928
0925
0927
0926
0922
0923
0924
0920
0919
0911
0918
0915
0917
0916
0912
0913
0914
0910
0989
0981
0988
0985
0987
0986
0982
0983
0984
0980
0949
0941
0948
0945
0947
0946
0942
0943
0944
0940
0939
0931
0938
0935
0937
0936
0932
0933
0934
0930
0959
0951
0958
0955
0957
0956
0952
0953
0954
0950
0979
0971
0978
0975
0977
0976
0972
0973
0974
0970
0629
0621
0628
0625
0627
0626
0622
0623
0624
0620
0619
0611
0618
0615
0617
0616
0612
0613
0614
0610
0689
0681
0688
0685
0687
0686
0682
0683
0684
0680
0649
0641
0648
0645
0647
0646
0642
0643
0644
0640
0699
0691
0698
0695
0697
0696
0692
0693
0694
0690
0639
0631
0638
0635
0637
0636
0632
0633
0634
0630
0659
0651
0658
0655
0657
0656
0652
0653
0654
0650
0679
0671
0678
0675
0677
0676
0672
0673
0674
0670
0269
0261
0268
0265
0267
0266
0262
0263
0264
0260
0219
0211
0218
0215
0217
0216
0212
0213
0214
0210
0289
0281
0288
0285
0287
0286
0282
0283
0284
0280
0249
0241
0248
0245
0247
0246
0242
0243
0244
0240
0299
0291
0298
0295
0297
0296
0292
0293
0294
0290
0239
0231
0238
0235
0237
0236
0232
0233
0234
0230
0259
0251
0258
0255
0257
0256
0252
0253
0254
0250
0279
0271
0278
0275
0277
0276
0272
0273
0274
0270
0169
0161
0168
0165
0167
0166
0162
0163
0164
0160
0129
0121
0128
0125
0127
0126
0122
0123
0124
0120
0189
0181
0188
0185
0187
0186
0182
0183
0184
0180
0149
0141
0148
0145
0147
0146
0142
0143
0144
0140
0199
0191
0198
0195
0197
0196
0192
0193
0194
0190
0139
0131
0138
0135
0137
0136
0132
0133
0134
0130
0159
0151
0158
0155
0157
0156
0152
0153
0154
0150
0179
0171
0178
0175
0177
0176
0172
0173
0174
0170
0369
0361
0368
0365
0367
0366
0362
0363
0364
0360
0329
0321
0328
0325
0327
0326
0322
0323
0324
0320
0319
0311
0318
0315
0317
0316
0312
0313
0314
0310
0389
0381
0388
0385
0387
0386
0382
0383
0384
0380
0349
0341
0348
0345
0347
0346
0342
0343
0344
0340
0399
0391
0398
0395
0397
0396
0392
0393
0394
0390
0359
0351
0358
0355
0357
0356
0352
0353
0354
0350
0379
0371
0378
0375
0377
0376
0372
0373
0374
0370
0569
0561
0568
0565
0567
0566
0562
0563
0564
0560
0529
0521
0528
0525
0527
0526
0522
0523
0524
0520
0519
0511
0518
0515
0517
0516
0512
0513
0514
0510
0589
0581
0588
0585
0587
0586
0582
0583
0584
0580
0549
0541
0548
0545
0547
0546
0542
0543
0544
0540
0599
0591
0598
0595
0597
0596
0592
0593
0594
0590
0539
0531
0538
0535
0537
0536
0532
0533
0534
0530
0579
0571
0578
0575
0577
0576
0572
0573
0574
0570
7069
7061
7068
7065
7067
7066
7062
7063
7064
7060
7029
7021
7028
7025
7027
7026
7022
7023
7024
7020
7019
7011
7018
7015
7017
7016
7012
7013
7014
7010
7089
7081
7088
7085
7087
7086
7082
7083
7084
7080
7049
7041
7048
7045
7047
7046
7042
7043
7044
7040
7099
7091
7098
7095
7097
7096
7092
7093
7094
7090
7039
7031
7038
7035
7037
7036
7032
7033
7034
7030
7059
7051
7058
7055
7057
7056
7052
7053
7054
7050
7869
7861
7868
7865
7867
7866
7862
7863
7864
7860
7829
7821
7828
7825
7827
7826
7822
7823
7824
7820
7819
7811
7818
7815
7817
7816
7812
7813
7814
7810
7849
7841
7848
7845
7847
7846
7842
7843
7844
7840
7899
7891
7898
7895
7897
7896
7892
7893
7894
7890
7839
7831
7838
7835
7837
7836
7832
7833
7834
7830
7859
7851
7858
7855
7857
7856
7852
7853
7854
7850
7809
7801
7808
7805
7807
7806
7802
7803
7804
7800
7469
7461
7468
7465
7467
7466
7462
7463
7464
7460
7429
7421
7428
7425
7427
7426
7422
7423
7424
7420
7419
7411
7418
7415
7417
7416
7412
7413
7414
7410
7489
7481
7488
7485
7487
7486
7482
7483
7484
7480
7499
7491
7498
7495
7497
7496
7492
7493
7494
7490
7439
7431
7438
7435
7437
7436
7432
7433
7434
7430
7459
7451
7458
7455
7457
7456
7452
7453
7454
7450
7409
7401
7408
7405
7407
7406
7402
7403
7404
7400
7969
7961
7968
7965
7967
7966
7962
7963
7964
7960
7929
7921
7928
7925
7927
7926
7922
7923
7924
7920
7919
7911
7918
7915
7917
7916
7912
7913
7914
7910
7989
7981
7988
7985
7987
7986
7982
7983
7984
7980
7949
7941
7948
7945
7947
7946
7942
7943
7944
7940
7939
7931
7938
7935
7937
7936
7932
7933
7934
7930
7959
7951
7958
7955
7957
7956
7952
7953
7954
7950
7909
7901
7908
7905
7907
7906
7902
7903
7904
7900
7629
7621
7628
7625
7627
7626
7622
7623
7624
7620
7619
7611
7618
7615
7617
7616
7612
7613
7614
7610
7689
7681
7688
7685
7687
7686
7682
7683
7684
7680
7649
7641
7648
7645
7647
7646
7642
7643
7644
7640
7699
7691
7698
7695
7697
7696
7692
7693
7694
7690
7639
7631
7638
7635
7637
7636
7632
7633
7634
7630
7659
7651
7658
7655
7657
7656
7652
7653
7654
7650
7609
7601
7608
7605
7607
7606
7602
7603
7604
7600
7269
7261
7268
7265
7267
7266
7262
7263
7264
7260
7219
7211
7218
7215
7217
7216
7212
7213
7214
7210
7289
7281
7288
7285
7287
7286
7282
7283
7284
7280
7249
7241
7248
7245
7247
7246
7242
7243
7244
7240
7299
7291
7298
7295
7297
7296
7292
7293
7294
7290
7239
7231
7238
7235
7237
7236
7232
7233
7234
7230
7259
7251
7258
7255
7257
7256
7252
7253
7254
7250
7209
7201
7208
7205
7207
7206
7202
7203
7204
7200
7169
7161
7168
7165
7167
7166
7162
7163
7164
7160
7129
7121
7128
7125
7127
7126
7122
7123
7124
7120
7189
7181
7188
7185
7187
7186
7182
7183
7184
7180
7149
7141
7148
7145
7147
7146
7142
7143
7144
7140
7199
7191
7198
7195
7197
7196
7192
7193
7194
7190
7139
7131
7138
7135
7137
7136
7132
7133
7134
7130
7159
7151
7158
7155
7157
7156
7152
7153
7154
7150
7109
7101
7108
7105
7107
7106
7102
7103
7104
7100
7369
7361
7368
7365
7367
7366
7362
7363
7364
7360
7329
7321
7328
7325
7327
7326
7322
7323
7324
7320
7319
7311
7318
7315
7317
7316
7312
7313
7314
7310
7389
7381
7388
7385
7387
7386
7382
7383
7384
7380
7349
7341
7348
7345
7347
7346
7342
7343
7344
7340
7399
7391
7398
7395
7397
7396
7392
7393
7394
7390
7359
7351
7358
7355
7357
7356
7352
7353
7354
7350
7309
7301
7308
7305
7307
7306
7302
7303
7304
7300
7569
7561
7568
7565
7567
7566
7562
7563
7564
7560
7529
7521
7528
7525
7527
7526
7522
7523
7524
7520
7519
7511
7518
7515
7517
7516
7512
7513
7514
7510
7589
7581
7588
7585
7587
7586
7582
7583
7584
7580
7549
7541
7548
7545
7547
7546
7542
7543
7544
7540
7599
7591
7598
7595
7597
7596
7592
7593
7594
7590
7539
7531
7538
7535
7537
7536
7532
7533
7534
7530
7509
7501
7508
7505
7507
7506
7502
7503
7504
7500
8069
8061
8068
8065
8067
8066
8062
8063
8064
8060
8029
8021
8028
8025
8027
8026
8022
8023
8024
8020
8019
8011
8018
8015
8017
8016
8012
8013
8014
8010
8049
8041
8048
8045
8047
8046
8042
8043
8044
8040
8099
8091
8098
8095
8097
8096
8092
8093
8094
8090
8039
8031
8038
8035
8037
8036
8032
8033
8034
8030
8059
8051
8058
8055
8057
8056
8052
8053
8054
8050
8079
8071
8078
8075
8077
8076
8072
8073
8074
8070
8769
8761
8768
8765
8767
8766
8762
8763
8764
8760
8729
8721
8728
8725
8727
8726
8722
8723
8724
8720
8719
8711
8718
8715
8717
8716
8712
8713
8714
8710
8749
8741
8748
8745
8747
8746
8742
8743
8744
8740
8799
8791
8798
8795
8797
8796
8792
8793
8794
8790
8739
8731
8738
8735
8737
8736
8732
8733
8734
8730
8759
8751
8758
8755
8757
8756
8752
8753
8754
8750
8709
8701
8708
8705
8707
8706
8702
8703
8704
8700
8469
8461
8468
8465
8467
8466
8462
8463
8464
8460
8429
8421
8428
8425
8427
8426
8422
8423
8424
8420
8419
8411
8418
8415
8417
8416
8412
8413
8414
8410
8499
8491
8498
8495
8497
8496
8492
8493
8494
8490
8439
8431
8438
8435
8437
8436
8432
8433
8434
8430
8459
8451
8458
8455
8457
8456
8452
8453
8454
8450
8409
8401
8408
8405
8407
8406
8402
8403
8404
8400
8479
8471
8478
8475
8477
8476
8472
8473
8474
8470
8969
8961
8968
8965
8967
8966
8962
8963
8964
8960
8929
8921
8928
8925
8927
8926
8922
8923
8924
8920
8919
8911
8918
8915
8917
8916
8912
8913
8914
8910
8949
8941
8948
8945
8947
8946
8942
8943
8944
8940
8939
8931
8938
8935
8937
8936
8932
8933
8934
8930
8959
8951
8958
8955
8957
8956
8952
8953
8954
8950
8909
8901
8908
8905
8907
8906
8902
8903
8904
8900
8979
8971
8978
8975
8977
8976
8972
8973
8974
8970
8629
8621
8628
8625
8627
8626
8622
8623
8624
8620
8619
8611
8618
8615
8617
8616
8612
8613
8614
8610
8649
8641
8648
8645
8647
8646
8642
8643
8644
8640
8699
8691
8698
8695
8697
8696
8692
8693
8694
8690
8639
8631
8638
8635
8637
8636
8632
8633
8634
8630
8659
8651
8658
8655
8657
8656
8652
8653
8654
8650
8609
8601
8608
8605
8607
8606
8602
8603
8604
8600
8679
8671
8678
8675
8677
8676
8672
8673
8674
8670
8269
8261
8268
8265
8267
8266
8262
8263
8264
8260
8219
8211
8218
8215
8217
8216
8212
8213
8214
8210
8249
8241
8248
8245
8247
8246
8242
8243
8244
8240
8299
8291
8298
8295
8297
8296
8292
8293
8294
8290
8239
8231
8238
8235
8237
8236
8232
8233
8234
8230
8259
8251
8258
8255
8257
8256
8252
8253
8254
8250
8209
8201
8208
8205
8207
8206
8202
8203
8204
8200
8279
8271
8278
8275
8277
8276
8272
8273
8274
8270
8169
8161
8168
8165
8167
8166
8162
8163
8164
8160
8129
8121
8128
8125
8127
8126
8122
8123
8124
8120
8149
8141
8148
8145
8147
8146
8142
8143
8144
8140
8199
8191
8198
8195
8197
8196
8192
8193
8194
8190
8139
8131
8138
8135
8137
8136
8132
8133
8134
8130
8159
8151
8158
8155
8157
8156
8152
8153
8154
8150
8109
8101
8108
8105
8107
8106
8102
8103
8104
8100
8179
8171
8178
8175
8177
8176
8172
8173
8174
8170
8369
8361
8368
8365
8367
8366
8362
8363
8364
8360
8329
8321
8328
8325
8327
8326
8322
8323
8324
8320
8319
8311
8318
8315
8317
8316
8312
8313
8314
8310
8349
8341
8348
8345
8347
8346
8342
8343
8344
8340
8399
8391
8398
8395
8397
8396
8392
8393
8394
8390
8359
8351
8358
8355
8357
8356
8352
8353
8354
8350
8309
8301
8308
8305
8307
8306
8302
8303
8304
8300
8379
8371
8378
8375
8377
8376
8372
8373
8374
8370
8569
8561
8568
8565
8567
8566
8562
8563
8564
8560
8529
8521
8528
8525
8527
8526
8522
8523
8524
8520
8519
8511
8518
8515
8517
8516
8512
8513
8514
8510
8549
8541
8548
8545
8547
8546
8542
8543
8544
8540
8599
8591
8598
8595
8597
8596
8592
8593
8594
8590
8539
8531
8538
8535
8537
8536
8532
8533
8534
8530
8509
8501
8508
8505
8507
8506
8502
8503
8504
8500
8579
8571
8578
8575
8577
8576
8572
8573
8574
8570
6029
6021
6028
6025
6027
6026
6022
6023
6024
6020
6019
6011
6018
6015
6017
6016
6012
6013
6014
6010
6089
6081
6088
6085
6087
6086
6082
6083
6084
6080
6049
6041
6048
6045
6047
6046
6042
6043
6044
6040
6099
6091
6098
6095
6097
6096
6092
6093
6094
6090
6039
6031
6038
6035
6037
6036
6032
6033
6034
6030
6059
6051
6058
6055
6057
6056
6052
6053
6054
6050
6079
6071
6078
6075
6077
6076
6072
6073
6074
6070
6729
6721
6728
6725
6727
6726
6722
6723
6724
6720
6719
6711
6718
6715
6717
6716
6712
6713
6714
6710
6789
6781
6788
6785
6787
6786
6782
6783
6784
6780
6749
6741
6748
6745
6747
6746
6742
6743
6744
6740
6799
6791
6798
6795
6797
6796
6792
6793
6794
6790
6739
6731
6738
6735
6737
6736
6732
6733
6734
6730
6759
6751
6758
6755
6757
6756
6752
6753
6754
6750
6709
6701
6708
6705
6707
6706
6702
6703
6704
6700
6829
6821
6828
6825
6827
6826
6822
6823
6824
6820
6819
6811
6818
6815
6817
6816
6812
6813
6814
6810
6849
6841
6848
6845
6847
6846
6842
6843
6844
6840
6899
6891
6898
6895
6897
6896
6892
6893
6894
6890
6839
6831
6838
6835
6837
6836
6832
6833
6834
6830
6859
6851
6858
6855
6857
6856
6852
6853
6854
6850
6809
6801
6808
6805
6807
6806
6802
6803
6804
6800
6879
6871
6878
6875
6877
6876
6872
6873
6874
6870
6429
6421
6428
6425
6427
6426
6422
6423
6424
6420
6419
6411
6418
6415
6417
6416
6412
6413
6414
6410
6489
6481
6488
6485
6487
6486
6482
6483
6484
6480
6499
6491
6498
6495
6497
6496
6492
6493
6494
6490
6439
6431
6438
6435
6437
6436
6432
6433
6434
6430
6459
6451
6458
6455
6457
6456
6452
6453
6454
6450
6409
6401
6408
6405
6407
6406
6402
6403
6404
6400
6479
6471
6478
6475
6477
6476
6472
6473
6474
6470
6929
6921
6928
6925
6927
6926
6922
6923
6924
6920
6919
6911
6918
6915
6917
6916
6912
6913
6914
6910
6989
6981
6988
6985
6987
6986
6982
6983
6984
6980
6949
6941
6948
6945
6947
6946
6942
6943
6944
6940
6939
6931
6938
6935
6937
6936
6932
6933
6934
6930
6959
6951
6958
6955
6957
6956
6952
6953
6954
6950
6909
6901
6908
6905
6907
6906
6902
6903
6904
6900
6979
6971
6978
6975
6977
6976
6972
6973
6974
6970
6219
6211
6218
6215
6217
6216
6212
6213
6214
6210
6289
6281
6288
6285
6287
6286
6282
6283
6284
6280
6249
6241
6248
6245
6247
6246
6242
6243
6244
6240
6299
6291
6298
6295
6297
6296
6292
6293
6294
6290
6239
6231
6238
6235
6237
6236
6232
6233
6234
6230
6259
6251
6258
6255
6257
6256
6252
6253
6254
6250
6209
6201
6208
6205
6207
6206
6202
6203
6204
6200
6279
6271
6278
6275
6277
6276
6272
6273
6274
6270
6129
6121
6128
6125
6127
6126
6122
6123
6124
6120
6189
6181
6188
6185
6187
6186
6182
6183
6184
6180
6149
6141
6148
6145
6147
6146
6142
6143
6144
6140
6199
6191
6198
6195
6197
6196
6192
6193
6194
6190
6139
6131
6138
6135
6137
6136
6132
6133
6134
6130
6159
6151
6158
6155
6157
6156
6152
6153
6154
6150
6109
6101
6108
6105
6107
6106
6102
6103
6104
6100
6179
6171
6178
6175
6177
6176
6172
6173
6174
6170
6329
6321
6328
6325
6327
6326
6322
6323
6324
6320
6319
6311
6318
6315
6317
6316
6312
6313
6314
6310
6389
6381
6388
6385
6387
6386
6382
6383
6384
6380
6349
6341
6348
6345
6347
6346
6342
6343
6344
6340
6399
6391
6398
6395
6397
6396
6392
6393
6394
6390
6359
6351
6358
6355
6357
6356
6352
6353
6354
6350
6309
6301
6308
6305
6307
6306
6302
6303
6304
6300
6379
6371
6378
6375
6377
6376
6372
6373
6374
6370
6529
6521
6528
6525
6527
6526
6522
6523
6524
6520
6519
6511
6518
6515
6517
6516
6512
6513
6514
6510
6589
6581
6588
6585
6587
6586
6582
6583
6584
6580
6549
6541
6548
6545
6547
6546
6542
6543
6544
6540
6599
6591
6598
6595
6597
6596
6592
6593
6594
6590
6539
6531
6538
6535
6537
6536
6532
6533
6534
6530
6509
6501
6508
6505
6507
6506
6502
6503
6504
6500
6579
6571
6578
6575
6577
6576
6572
6573
6574
6570
2069
2061
2068
2065
2067
2066
2062
2063
2064
2060
2019
2011
2018
2015
2017
2016
2012
2013
2014
2010
2089
2081
2088
2085
2087
2086
2082
2083
2084
2080
2049
2041
2048
2045
2047
2046
2042
2043
2044
2040
2099
2091
2098
2095
2097
2096
2092
2093
2094
2090
2039
2031
2038
2035
2037
2036
2032
2033
2034
2030
2059
2051
2058
2055
2057
2056
2052
2053
2054
2050
2079
2071
2078
2075
2077
2076
2072
2073
2074
2070
2769
2761
2768
2765
2767
2766
2762
2763
2764
2760
2719
2711
2718
2715
2717
2716
2712
2713
2714
2710
2789
2781
2788
2785
2787
2786
2782
2783
2784
2780
2749
2741
2748
2745
2747
2746
2742
2743
2744
2740
2799
2791
2798
2795
2797
2796
2792
2793
2794
2790
2739
2731
2738
2735
2737
2736
2732
2733
2734
2730
2759
2751
2758
2755
2757
2756
2752
2753
2754
2750
2709
2701
2708
2705
2707
2706
2702
2703
2704
2700
2869
2861
2868
2865
2867
2866
2862
2863
2864
2860
2819
2811
2818
2815
2817
2816
2812
2813
2814
2810
2849
2841
2848
2845
2847
2846
2842
2843
2844
2840
2899
2891
2898
2895
2897
2896
2892
2893
2894
2890
2839
2831
2838
2835
2837
2836
2832
2833
2834
2830
2859
2851
2858
2855
2857
2856
2852
2853
2854
2850
2809
2801
2808
2805
2807
2806
2802
2803
2804
2800
2879
2871
2878
2875
2877
2876
2872
2873
2874
2870
2469
2461
2468
2465
2467
2466
2462
2463
2464
2460
2419
2411
2418
2415
2417
2416
2412
2413
2414
2410
2489
2481
2488
2485
2487
2486
2482
2483
2484
2480
2499
2491
2498
2495
2497
2496
2492
2493
2494
2490
2439
2431
2438
2435
2437
2436
2432
2433
2434
2430
2459
2451
2458
2455
2457
2456
2452
2453
2454
2450
2409
2401
2408
2405
2407
2406
2402
2403
2404
2400
2479
2471
2478
2475
2477
2476
2472
2473
2474
2470
2969
2961
2968
2965
2967
2966
2962
2963
2964
2960
2919
2911
2918
2915
2917
2916
2912
2913
2914
2910
2989
2981
2988
2985
2987
2986
2982
2983
2984
2980
2949
2941
2948
2945
2947
2946
2942
2943
2944
2940
2939
2931
2938
2935
2937
2936
2932
2933
2934
2930
2959
2951
2958
2955
2957
2956
2952
2953
2954
2950
2909
2901
2908
2905
2907
2906
2902
2903
2904
2900
2979
2971
2978
2975
2977
2976
2972
2973
2974
2970
2619
2611
2618
2615
2617
2616
2612
2613
2614
2610
2689
2681
2688
2685
2687
2686
2682
2683
2684
2680
2649
2641
2648
2645
2647
2646
2642
2643
2644
2640
2699
2691
2698
2695
2697
2696
2692
2693
2694
2690
2639
2631
2638
2635
2637
2636
2632
2633
2634
2630
2659
2651
2658
2655
2657
2656
2652
2653
2654
2650
2609
2601
2608
2605
2607
2606
2602
2603
2604
2600
2679
2671
2678
2675
2677
2676
2672
2673
2674
2670
2169
2161
2168
2165
2167
2166
2162
2163
2164
2160
2189
2181
2188
2185
2187
2186
2182
2183
2184
2180
2149
2141
2148
2145
2147
2146
2142
2143
2144
2140
2199
2191
2198
2195
2197
2196
2192
2193
2194
2190
2139
2131
2138
2135
2137
2136
2132
2133
2134
2130
2159
2151
2158
2155
2157
2156
2152
2153
2154
2150
2109
2101
2108
2105
2107
2106
2102
2103
2104
2100
2179
2171
2178
2175
2177
2176
2172
2173
2174
2170
2369
2361
2368
2365
2367
2366
2362
2363
2364
2360
2319
2311
2318
2315
2317
2316
2312
2313
2314
2310
2389
2381
2388
2385
2387
2386
2382
2383
2384
2380
2349
2341
2348
2345
2347
2346
2342
2343
2344
2340
2399
2391
2398
2395
2397
2396
2392
2393
2394
2390
2359
2351
2358
2355
2357
2356
2352
2353
2354
2350
2309
2301
2308
2305
2307
2306
2302
2303
2304
2300
2379
2371
2378
2375
2377
2376
2372
2373
2374
2370
2569
2561
2568
2565
2567
2566
2562
2563
2564
2560
2519
2511
2518
2515
2517
2516
2512
2513
2514
2510
2589
2581
2588
2585
2587
2586
2582
2583
2584
2580
2549
2541
2548
2545
2547
2546
2542
2543
2544
2540
2599
2591
2598
2595
2597
2596
2592
2593
2594
2590
2539
2531
2538
2535
2537
2536
2532
2533
2534
2530
2509
2501
2508
2505
2507
2506
2502
2503
2504
2500
2579
2571
2578
2575
2577
2576
2572
2573
2574
2570
