79832573443
79274238037
79876489240
79233502508
79510986772
79052127224
79277370929
79296160054
79925101417
79525345585
79132531321
79036107802
79279797171
79086463025
79199008525
79166778414
79523289798
79881750558
79221512067
79624704196
79644428130
79530392945
79033670921
79286173884
79604800043
79876888023
79892643898
79687670061
79146501157
79147764390
79245794693
79146295793
79891411731
79063738922
79803427900
79625737203
79523604413
79375840556
79132236988
79874878612
79505859585
79153900038
79158640210
79773215579
79503265801
79785254915
79024753010
79517655067
79376673467
79609420017
79040995072
79827188613
79130652496
79113292318
79625109386
79064169669
79619281845
79236774455
79183808853
79999180246
79184380363
79811502389
79041797723
79280391516
79898084922
79644979156
79059980021
79174680483
79535135726
79092132722
79093990956
79122903197
79068639669
79104736837
79879410388
79370672760
79529001125
79657725375
79825349517
79502022570
79517686771
79294379052
79261420055
79604956890
79888964758
79500441853
79504483399
79997306561
79220112389
79131344351
79991654557
79881865093
79622859556
79504447374
79528883128
79509205857
79995870186
79315367486
79027316959
79648918416
79824881906
79196689040
79622825287
79181534686
79836352305
79117070570
79854508857
79991559272
79124150004
79080980590
79817218162
79097640735
79509192004
79601371760
79375156425
79113041908
79852981143
79776993133
79061877452
79204338081
79250413758
79180513204
79777556094
79523574002
79173486061
79854349128
79037904871
79185654704
79538850057
79393096001
79025159003
79133660144
79771779959
79617422025
79875581909
79168630050
79990844124
79141566866
79127633904
79112231411
79525111446
79205399962
79873529920
79194133969
79648004764
79829316935
79171509038
79086647714
79516292448
79281710017
79232120469
79316077476
79144638852
79275442978
79522278967
79081210128
79282923323
79270397447
79109413986
79285039109
79183499430
79852363536
79517590924
79831710445
79241407151
79147058420
79069444830
79030913990
79874873219
79090060601
79787565254
79028968437
79619955887
79147590504
79624604191
79054531645
79622298860
79081454804
79082511374
79182481314
79112571659
79113529159
79130694608
79181913608
79600530624
79504781914
79106025633
79181327656
79632660562
79146606671
79619593985
79963805867
79159237454
79806609684
79029864863
79526979973
79048597220
79117281121
79211305031
79281523362
79234817102
79148763205
79162621579
79236153151
79612417270
79052141620
79146582018
79502994049
79505987924
79124647192
79307007838
79080252003
79874468090
79874168707
79021739742
79284422361
79103778084
79202851094
79213766912
79525879269
79264248253
79242609415
79836272614
79219390468
79886203219
79873994728
79269042402
79107059273
79052911150
79884964339
79534274383
79037165485
79112778995
79678815681
79924077069
79037746666
79521393849
79242289096
79525407150
79037150890
79608141468
79312732075
79047900715
79778994566
79531587059
79191440161
79500282795
79506262817
79109328903
79990891237
79029925819
79601829054
79967683642
79137499116
79086404691
79106139340
79638840373
79994590870
79120301722
79199280826
79505166828
79094910364
79129073395
79246602409
79149161115
79147781687
79194638404
79333324201
79521762064
79097488262
79180648383
79821915161
79787274069
79991734031
79031497727
79522053049
79209798988
79183369316
79127549679
79113350472
79776034266
79177593889
79178601282
79177919701
79923534131
79179106557
79503746060
79089134930
79108769744
79100926890
79169788201
79618487751
79159034720
79992065251
79821394289
79773882830
79135040075
79029712480
79141810053
79289051793
79106700935
79501578681
79897573680
79136652362
79505788448
79021771555
79039881960
79114280259
79377500041
79539675712
79826358852
79622541659
79252133007
79524418084
79118237443
79145025617
79030576389
79271734318
79299633696
79531634755
79524528882
79017538979
79967991332
79503822928
79061801100
79507980754
79512533931
79139242571
79683570397
79635366794
79122715592
79147937477
79518038371
79528520617
79064553464
79198250026
79273824033
79023298528
79194487187
79270161443
79098192008
79193584888
79621214905
79185488000
79535953520
79292960046
79109342958
79628201389
79214088401
79081329310
79081092999
79872740255
79210502050
79333330777
79621702016
79292805690
79231486233
79142007494
79773022916
79101725967
79885199890
79316008573
79247395891
79159524538
79602321260
79992091955
79137853523
79043187536
79295425185
79279162586
79969596984
79021374479
79183091262
79042451232
79536495022
79678018720
79615972797
79536237804
79508922433
79601133340
79183826432
79833159986
79107245882
79146967437
79099089393
79880792192
79131190924
79089142594
79047141614
79877858709
79787741244
79184510322
79370667330
79825002420
79127849460
79184519242
79004581126
79138221782
79024369601
79623737842
79779453231
79270095814
79201245727
79998749381
79190154953
79140888408
79080519734
79080272239
79619609949
79842978604
79788099637
79133156303
79197663730
79632688689
79275708185
79880244700
79097782335
79052047417
79606230935
79229208235
79620566053
79990893973
79824667105
79112775360
79237977875
79609665002
79089565391
79133517675
79122592883
79060591331
79189996616
79641039521
79771644299
79873050909
79202479197
79211064455
79532598430
79956232430
79175320101
79179542935
79524252187
79184905430
79040800139
79146012715
79055463988
79033784240
79639477909
79040658238
79271472708
79209760259
79607705929
79172615039
79114853959
79059047744
79231491135
79512221466
79190562000
79030505276
79146684526
79994663002
79041296471
79042196436
79527356731
79171475667
79806769480
79397035587
79131042982
79124686543
79191581344
79207676106
79967412206
79644709603
79133130867
79276424252
79080660127
79832637357
79125525966
79221928690
79992165740
79087553558
79157798233
79090036333
79069925102
79313051883
79167455864
79132077557
79539651849
79831211363
79143988267
79144162774
79003582158
79533680844
79105625991
79194350507
79603738012
79053512001
79003511007
79180587179
79312048131
79083198660
79117167321
79996819591
79215281229
79140874855
79027835801
79197623504
79106686288
79504074277
79650577945
79049802500
79184530474
79638073054
79246402362
79630917826
79841752388
79035069018
79012056722
79997104353
79242249748
79184410003
79194560581
79025219921
79525102104
79062764859
79524268631
79111839577
79000478520
79536116182
79127997039
79283725878
79001194662
79522915601
79123465677
79521293749
79686442161
79850128133
79522380315
79621502870
79825135981
79898206797
79024090618
79242554617
79222849441
79212707060
79279903008
79118119487
79057279506
79171585571
79119003136
79226057765
79127445014
79657681107
79231621212
79507474862
79105594776
79231390224
79127103003
79676126792
79822311862
79534535397
79133703710
79029902459
79105106665
79178618781
79523379581
79266934641
79501464763
79224373132
79244150615
79528392486
79277799706
79245796249
79654784486
79143956204
79154835721
79385272184
79176621273
79092182800
79126475899
79136485361
79835646158
79532305834
79832694580
79143870664
79655451776
79131930898
79221185798
79221323115
79218125488
79214822236
79035416402
79225324425
79610985687
79242852662
79533872489
79177971463
79243000747
79505508933
79000786780
79184223058
79871548419
79119690009
79169339037
79105668242
79175375715
79841421400
79519042794
79632563794
79836112565
79622918218
79006292789
79033300602
79190216239
79124870093
79016924766
79150078056
79529432094
79877956173
79613994444
79141494790
79262304322
79061744854
79372639231
79646532550
79213933766
79277517786
79150191046
79615829086
79089455248
79136500673
79168185737
79046902919
79538101813
79261946971
79117866552
79035352111
79516126636
79506450269
79267310916
79117770091
79204061451
79994959163
79006672218
79119887369
79826256211
79033821731
79115222004
79829948050
79116294051
79940066426
79658030405
79502925945
79231580927
79969255433
79033729490
79500461954
79609440601
79119753954
79207116036
79231321117
79130224343
79963856950
79111502279
79243182565
79502153361
79803187837
79516089434
79827823839
79528614814
79787829939
79605522777
79508107533
79384858154
79048514805
79024805948
79130882631
79211838350
79037789827
79136247597
79290406235
79082240099
79528585528
79167089181
79634450450
79143117970
79608874512
79081094593
79247022702
79610267120
79043702970
79033320105
79630007350
79036429222
79631174462
79118727394
79069230484
79161113911
79533092356
79633048699
79650341023
79149716821
79140603319
79536649525
79227980063
79870121843
79314032416
79996544676
79371058307
79027255131
79877810278
79028781201
79654126341
79516690309
79111403066
79052496460
79502432295
79102927381
79610742021
79033412329
79050244673
79293214494
79233713641
79823094225
79213928029
79896259303
79871905575
79279752259
79182072704
79203688288
79299118583
79188728183
79531723406
79870846252
79374240198
79277514033
79122555449
79506613997
79220525999
79040020777
79220541422
79263440539
79175345468
79241571113
79097266068
79144149654
79044665749
79111476469
79373640609
79144155245
79277710030
79173187500
79296414099
79233128800
79532982067
79286141575
79057941285
79149702873
79224759518
79371753224
79194828449
79220994727
79526240694
79610410400
79622271958
79165559828
79774662526
79194976041
79374256029
79146823629
79333352294
79516203339
79501825826
79237101855
79198861815
79245265457
79028862677
79083492575
79605206827
79631021558
79202306954
79159413892
79778376077
79213915254
79155249997
79130004696
79777290911
79140225239
79532022920
79380370880
79106746225
79527789591
79199061307
79503545119
79320990858
79510203966
79112917288
79081407874
79064410066
79960232307
79274079078
79822131343
79129620217
79040268347
79114634326
79257292117
79217757404
79831490893
79042188191
79265984903
79054283517
79059344684
79641934212
79657478764
79621923365
79655766497
79242361306
79277336600
79139034030
79236921998
79777404943
79042139852
79068398318
79275030325
79138384635
79054218044
79250700230
79191415459
79272390053
79043090716
79630367662
79081653262
79626224813
79204784451
79092810777
79082854715
79235905236
79183451046
79772607752
79133154618
79278308555
79056646825
79197104212
79039487987
79129330100
79120626509
79220785454
79247176136
79525040140
79643828691
79627821446
79082348248
79248241396
79133138698
79045573938
79137260304
79505862002
79789408070
79094099801
79196755879
79139266082
79208253405
79276253788
79148589328
79184138720
79224709862
79225518944
79129248337
79630470074
79854441721
79515103030
79143806265
79889909452
79536223795
79282727009
79995327306
79505842772
79061396219
79371570061
79244275795
79612691578
79053502535
79180987922
79002296432
79098686051
79612672276
79500825404
79806860060
79160708762
79246909947
79516632065
79261027210
79602046596
79149738876
79166031741
79146433205
79048956633
79026893038
79147909906
79166385260
79876288390
79098431816
79539755807
79174224405
79243134010
79041528074
79029720509
79200111663
79772688935
79243312662
79829232524
79163533462
79233596298
79195902066
79085833115
79622867606
79507567660
79526135205
79659405666
79825299350
79194732995
79246262920
79184368665
79231096750
79537234007
79105669420
79960821436
79217328852
79274315888
79104079098
79859992954
79618183933
79061998999
79224126615
79607483900
79832197849
79514690084
79992263845
79964031418
79633088888
79204016492
79163494249
79534385881
79148889224
79203983675
79822953977
79628301895
79107720318
79519603679
79174438778
79171728183
79041785804
79853817407
79851602825
79514616090
79525141969
79779964682
79853349304
79371187040
79532923609
79064173786
79064329182
79242064746
79204055934
79163565935
79378557398
79180371669
79136680342
79087996837
79278130739
79380297117
79177665403
79180679215
79111177109
79109433316
79123816042
79869861168
79112691291
79113264224
79065944769
79222217062
79873959818
79109208132
79515289869
79505980953
79244229944
79250309626
79212605695
79524907453
79242784817
79805368366
79102237294
79537102018
79224505030
79153757756
79046297965
79407103383
79619529591
79130354742
79771698367
79081715740
79129958256
79297113771
79787614670
79538358921
79031129672
79137494504
79116068512
79046045736
79586578824
79143664999
79303217010
79997906407
79215659330
79507481901
79031827518
79111587916
79130117121
79025217951
79522218236
79515360318
79778329056
79086600647
79617588872
79197178372
79821378600
79833041149
79061584768
79085155099
79108259800
79226508507
79661294415
79500050261
79536825192
79068719747
79092539973
79265308096
79091071234
79160891145
79104440577
79660712396
79538022773
79084785672
79061166547
79277193641
79818136602
79588163254
79519290250
79879568518
79064282998
79608705189
79504424487
79030657442
79994001393
79128849577
79525184504
79161285756
79256747416
79214944223
79127631605
79134080625
79995602300
79147263309
79616876695
79106430214
79042024131
79034749468
79000603945
79825190659
79202512134
79025652223
79621860066
79526990339
79234753305
79819849725
79166518546
79878931141
79774469280
79156029261
79206549653
79181247073
79137887313
79128283812
79500035646
79266551465
79017733756
79088961090
79129212883
79615356109
79788668315
79883676018
79110994205
79851287195
79121532331
79685637528
79965895261
79817770655
79293266063
79875831944
79143354133
79030797407
79066416161
79011791972
79093052412
79050214799
79873884636
79149505243
79102474314
79375805313
79242053881
79963897166
79114763746
79080563610
79277367486
79515753090
79038155492
79537445714
79788289212
79135500361
79370239374
79850769525
79686117375
79149706644
79218972622
79110413805
79137739542
79226510010
79610481309
79197639915
79242423408
79827353626
79833118873
79056210886
79203874464
79138942772
79278678688
79226258881
79960354709
79009916383
79213200991
79227703677
79029047077
79095522215
79124469912
79048542601
79911137028
79530094016
79787414383
79142075985
79618600410
79628605197
79011146733
79217120993
79386922065
79170146090
79129186563
79228965550
79021641221
79275443163
79826123840
79112311841
79377071035
79914543764
79525008164
79173413154
79637143840
79158004810
79518646960
79500010221
79101700471
79166415246
79082369149
79209496636
79112932852
79663175445
79228053430
79093135160
79086364646
79307004364
79297931484
79774239270
79278197842
79054511749
79210790575
79856971213
79159409039
79776824066
79308024400
79607562111
79877770305
79188547095
79105089677
79111917283
79656503940
79136630872
79207559835
79033996612
79851603063
79021130686
79268886300
79048985377
79235944744
79084822941
79044431816
79621877175
79136798323
79114985785
79507405625
79212308498
79510958126
79507663433
79112203699
79539106105
79005102570
79101226774
79134218448
79234149090
79189601060
79193672872
79165658628
79503568134
79997844776
79517637105
79048614598
79085144670
79052003484
79961874206
79137923444
79162697662
79533132136
79143394940
79613751580
79135596616
79202813610
79278261276
79243048122
79030857578
79146967194
79885657084
79504002288
79393840473
79063435845
79065157909
79696555252
79775445961
79531841848
79802634612
79996032184
79283166688
79885582040
79189686590
79823825983
79124042847
79146602434
79615118599
79612060137
79969370295
79687499142
79198263504
79208669294
79816863087
79531954171
79000899443
79197473860
79170338727
79155407154
79130321935
79214510494
79146050887
79200270639
79024078489
79963534211
79263394433
79233765922
79393676299
79025987484
79378619582
79514647107
79842943292
79041558084
79969540933
79277248558
79172009838
79246029819
79293922690
79500263005
79056475877
79833121193
79184620361
79811976800
79117532589
79142650382
79228581012
79141234291
79536276951
79221341551
79602892437
79780492007
79147577027
79232708081
79241321926
79841372989
79003489579
79617266600
79148030925
79507094358
79294020013
79829408039
79139432649
79531429007
79198900600
79049637030
79194859719
79139539273
79233049496
79384327063
79164717713
79324184876
79031797858
79897221705
79505934943
79507121944
79177798529
79506347543
79003649708
79195634531
79625477993
79883616905
79521457325
79082883407
79603402867
79241010242
79644421869
79271100151
79777500934
79822808552
79518882658
79144211215
79021328486
79876653978
79618896302
79872556453
79241550889
79512401010
79603086880
79156079926
79142041568
79189746306
79127560525
79231809885
79787721558
79131486675
79139874239
79605398757
79110937046
79247777577
79616712707
79143591090
79635743454
79822648169
79060773891
79297250650
79037414600
79954359832
79374828466
79222381642
79608882296
79372275402
79164091601
79086715091
79180527224
79228129234
79829451817
79182209666
79652359240
79312699377
79884150321
79876153489
79178941099
79109189695
79043763320
79102414378
79185454029
79886787090
79609305505
79834159042
79264316292
79169249739
79615003383
79967754023
79518155553
79023635362
79128015104
79504686822
79835485585
79046483636
79040223999
79277590123
79627908625
79149347037
79649040112
79184240073
79168339511
79060923195
79224350941
79242384557
79200027000
79649993567
79277348079
79656836245
79116553851
79116221122
79620615555
79066359511
79286500067
79523452351
79041511995
79374035030
79153313142
79047686248
79509127554
79161186393
79056115612
79659079299
79312073488
79121493664
79603574555
79508383720
79228887628
79205172719
79609494031
79059786996
79278157809
79966422917
79284121624
79133782154
79224607417
79258549425
79513863957
79150134934
79042015838
79515418511
79236063652
79622339588
79502157795
79171059020
79108478639
79633437841
79185665569
79141662716
79047868837
79157787948
79241650042
79102488903
79623331679
79505909035
79093311554
79251889495
79879108225
79016310588
79047569144
79534777292
79120067975
79634758078
79180632333
79012632371
79996480260
79378492888
79851428055
79064291250
79136844648
79134953693
79649061824
79031889289
79025133297
79021071087
79139487599
79990779618
79242826222
79221101810
79881773544
79526830120
79215328790
79628344580
79154792693
79114222420
79628912305
79276674800
79299049811
79626931090
79149403200
79781276289
79526824238
79877402277
79183090972
79136901698
79645224415
79510719692
79027026451
79236272919
79647515235
79141635252
79146506106
79375515871
79088875629
79035625071
79248018811
79222682240
79528163851
79139548783
79515496340
79257006137
79161947771
79290383259
79932206594
79207136820
79272722922
79213064065
79825772446
79252863246
79041918865
79507160690
79090913597
79092345666
79301509381
79660714168
79175698951
79240027530
79134559505
79258751084
79116020208
79144232336
79085045533
79961848044
79214045564
79210099147
79785566424
79023016973
79046368563
79202662213
79388689249
79174610335
79204093649
79648289562
79049319161
79234858884
79879485038
79024859430
79507867858
79121150798
79999259411
79199049917
79511861718
79625811554
79996919720
79829117147
79064995118
79280997600
79202580469
79523972974
79671431477
79851851501
79107376750
79771373070
79144063572
79992496378
79371348034
79538167695
79250561090
79283833519
79222148116
79272594745
79210888650
79996978361
79997802929
79241039445
79147375608
79534586668
79997357334
79880387173
79005003926
79145720628
79533616661
79111018425
79787857356
79892270098
79871886789
79111797020
79966942093
79213904233
79035049188
79144252823
79527803257
79265431700
79069558026
79964279127
79779307741
79992004911
79181271245
79280325492
79511381696
79096910759
79232145996
79245124002
79171112424
79831887810
79788938254
79831345296
79964061873
79042986704
79502208583
79631244548
79141300700
79120734175
79061666049
79119167767
79692866765
79872304914
79824046886
79286180125
79608614156
79117490449
79081182628
79021902915
79934322450
79059809149
79148117270
79097048147
79213486736
79872488028
79195921077
79851234238
79183639628
79280779991
79213703642
79003462078
79526685288
79535135242
79281868287
79502547724
79121472188
79539562533
79641897491
79517293875
79890838755
79143082090
79788907637
79207019838
79273074053
79277611222
79139180536
79118733643
79529637126
79241777697
79140956009
79883307384
79536833642
79059137574
79506746294
79777279943
79189589034
79641543683
79204267341
79184901163
79197018612
79626800166
79508465965
79192443100
79040639825
79085446262
79295392528
79291106696
79961787836
79188762627
79507729093
79099585180
79247860628
79621208895
79242261313
79105673382
79325569169
79145862328
79961052802
79647251771
79802514001
79003262737
79631518254
79992950883
79234957162
79511547259
79626293279
79852578586
79233904263
79828368510
79248756030
79065228141
79867894265
79087966131
79137128715
79629445223
79272004035
79628318841
79119527392
79538525304
79678079310
79129498316
79295532083
79196486273
79197898485
79774109790
79271553808
79530100443
79219047164
79222851005
79780747398
79159096226
79267592019
79274406888
79232931999
79084686152
79114315555
79535314598
79233240141
79516608250
79093855893
79208402674
79207422208
79225973218
79287677189
79297062937
79265201806
79526725048
79603343743
79025199330
79885425654
79253231503
79204327042
79198469733
79821832628
79697147218
79000460096
79127009921
79147112871
79509475092
79244324288
79502596425
79108301147
79502110940
79644039180
79503034647
79177354007
79281554945
79153415937
79263508844
79525473710
79106036860
79622943507
79159557411
79137913386
79505225709
79612414008
79832038588
79263562806
79248319576
79673868026
79101851636
79183206511
79281177262
79500022896
79655646565
79059484656
79320553332
79149431367
79500616517
79243687551
79290078233
79788523601
79003883508
79296904851
79513132036
79106911018
79123657151
79145175087
79655533844
79000272521
79872250772
79086646017
79042359002
79129617779
79268193675
79526714423
79226402253
79180860833
79087181565
79001230030
79275601824
79206130813
79883511961
79600940338
79995885628
79821379754
79242300786
79628715772
79108467583
79045863643
79184655044
79773388909
79149214497
79137697000
79085499203
79183952295
79228027774
79045496681
79129403333
79043284482
79158689627
79154977166
79006433804
79273172288
79009251658
79614619009
79174836574
79243037699
79956541870
79047462796
79234622619
79214381519
79157627435
79622932510
79129228977
79269031315
79248401516
79273253907
79063030247
79051480826
79198721000
79157687664
79604572914
79241381249
79531538338
79089222471
79098623643
79518079596
79254976522
79143085797
79082123388
79103324610
79246641286
79842615313
79374692223
79665000901
79803287481
79628951346
79508452820
79135460747
79234978623
79304712283
79097582023
79270096889
79083139570
79773401004
79600600359
79028905007
79182348176
79186491944
79787727257
79224057027
79139515834
79514823041
79142576201
79178767205
79086667976
79775401683
79106347274
79376690561
79376681531
79067722651
79021923972
79263405084
79133964565
79245315877
79027619182
79024872260
79612248581
79633236575
79785495834
79219962360
79655443255
79887448586
79803368834
79370057200
79609595314
79235189225
79613399776
79500878680
79231603374
79914347194
79789052765
79505886135
79059063980
79302703188
79647130134
79515873580
79110832641
79511861955
79241385189
79531840542
79183348433
79144063282
79300303275
79231977994
79053334410
79081795972
79620141750
79167250077
79516596996
79647344162
79017986077
79105425398
79159885695
79012877677
79209484402
79145007222
79502687708
79174111055
79196489433
79090926665
79213934127
79516159482
79272776676
79882545338
79534345153
79221710009
79120805992
79218248012
79819515741
79671692337
79500918944
79271632390
79085714661
79266606983
79969212330
79207678434
79205791232
79050883631
79216289991
79920287552
79515552828
79991061861
79046712044
79502139093
79788320335
79005856901
79523636589
79189670074
79068404979
79619841885
79506501826
79177548332
79242317632
79047765235
79154348605
79039565227
79823072770
79189876930
79227018010
79500823498
79653519553
79090370751
79999682316
79232276683
79155004550
79162278097
79535393983
79777537770
79539955131
79537476967
79119093858
79281855120
79190457371
79277801640
79537014345
79068767089
79135931455
79091004351
79787776473
79524590525
79773013115
79141100400
79209161369
79506393803
79298449676
79503076480
79224428797
79204249317
79775113467
79264411612
79221411917
79532459922
79500585500
79211692751
79201096244
79113995074
79778975044
79607954579
79054177082
79025493212
79776308364
79294055449
79782499427
79028306881
79277767506
79165222287
79645212358
79841393202
79225130450
79086523410
79514888919
79176418998
79602655013
79029471626
79609773177
79276442587
79525809916
79054573660
79177803128
79137886074
79829836821
79538339982
79290090349
79045419014
79217887923
79508907015
79776036148
79023849910
79047813309
79230492237
79114168504
79648736167
79526743967
79778540704
79228296711
79531705868
79611794924
79101750450
79527444444
79831329082
79046167415
79213464394
79501650086
79195912891
79835550975
79320995549
79027839249
79152475728
79043931781
79081196286
79139092304
79518793855
79583925571
79271389867
79215566714
79961058930
79507729722
79191852215
79293110777
79183495092
79313132092
79043479863
79823671472
79158520698
79968036271
79876598804
79147900235
79275313600
79625147838
79500422031
79113079872
79857256888
79182359803
79530156524
79113494838
79644200570
79609244949
79129815402
79241204157
79231802553
79099277088
79052955504
79035145390
79781172070
79190694831
79029597316
79184575555
79135986949
79022587889
79814432512
79504681053
79113200207
79134908338
79778815731
79041111048
79058914593
79136761555
79101641400
79374050014
79297422716
79105901970
79091336396
79637770337
79775632026
79825387966
79148147015
79183606701
79016969665
79027440155
79157202130
79774717250
79537760766
79636152848
79324389650
79877137734
79032990308
79911160001
79050424743
79027535968
79242201385
79114231729
79624077365
79501240317
79089156670
79222647878
79067041473
79191301402
79533429604
79818821556
79235330906
79188531381
79500851549
79624443264
79646746164
79997829212
79506086322
79211664385
79252145752
79608447558
79159480861
79818254649
79084508073
79803253115
79964009647
79184060925
79150157755
79038773131
79507449373
79375295925
79284505444
79313602699
79211309226
79513313824
79638378865
79290141499
79005605491
79851767781
79086681697
79680896279
79780444727
79619084744
79276054169
79600273019
79174301921
79241147686
79022733594
79923355004
79161849651
79874349839
79050250048
79528794887
79016557212
79086064669
79017923236
79919301822
79526667715
79877558087
79064062312
79224517489
79501111884
79214921695
79011505907
79604979553
79302932098
79869882315
79834561721
79509507314
79614846648
79213638943
79108583965
79297825262
79872474077
79879748108
79834319493
79170362070
79523400000
79505441515
79199069906
79151312125
79834012331
79511740369
79879429000
79043695307
79027846987
79502001808
79032820075
79609307859
79084491010
79996043708
79143883723
79028861511
79091439475
79622852164
79965101327
79503955598
79175952344
79241182955
79259233289
79828240547
79182032744
79521788459
79994401587
79236884950
79250405227
79990826519
79397112223
79186138367
79015065025
79507836868
79206513887
79522334402
79514629773
79608538093
79144877254
79146452171
79063976253
79131949227
79114023938
79052052627
79963271192
79086011243
79871164337
79025196830
79527801178
79911152981
79772654597
79080018191
79049686273
79992090815
79203444644
79085756035
79522862946
79518748985
79997917655
79265771592
79088087944
79050529747
79023523331
79082742668
79080097900
79516766206
79023143288
79787684968
79035706632
79029674678
79140507402
79220523077
79097858474
79219157901
79842945977
79143526422
79117141831
79140680103
79960839766
79932323793
79131419466
79123197598
79517813844
79049208216
79144634586
79156552808
79514052076
79137536062
79046139167
79879444710
79539549568
79822980328
79212202709
79925087810
79307077999
79966297585
79086077189
79189130861
79123923835
79304096070
79135186784
79284703934
79525185142
79821141825
79627331032
79088835404
79246406905
79786260869
79191980072
79237800449
79128346562
79614926409
79841126317
79611721186
79963168256
79511345169
79125244487
79164788701
79517679840
79123613927
79172592052
79288428468
79296199689
79131801973
79141445426
79182402697
79246091915
79991405125
79156401738
79532170883
79250537583
79644128771
79511011299
79216449614
79085446684
79636614018
79295359929
79277406443
79275201250
79132151168
79042199708
79182052083
79082308104
79134453482
79374899355
79128409450
79802423036
79521382377
79827414793
79156420043
79884122571
79027946841
79107097749
79062237026
79826109423
79385058172
79651946012
79854485227
79020694948
79217971667
79507734215
79251857633
79261804000
79521419345
79826150456
79145533758
79183624680
79000414288
79279702440
79009922667
79991362741
79206215608
79208782493
79131057181
79372753990
79279662773
79276574655
79024831037
79963958086
79025335058
79196955789
79131706124
79531934463
79393388535
79896829445
79818470643
79024731451
79253238561
79991007960
79196821988
79101934219
79255281518
79175669371
79996056876
79147912713
79853520514
79243022412
79194495205
79527853669
79059480908
79534616051
79177825675
79133937845
79533886508
79219733052
79086354685
79505593463
79050319194
79069030001
79081573422
79687499709
79242187662
79058906595
79281083384
79635226536
79511032004
79119626465
79825034913
79505314863
79609902472
79658077961
79217455073
79098676760
79279837787
79854679089
79184386127
79628623278
79246440412
79995678072
79140011049
79832123064
79625812883
79858082204
79069231400
79184229736
79313157944
79875858807
79069188303
79216046004
79997217161
79519622142
79094528051
79154726757
79147550070
79158413854
79003900040
79371668669
79139091877
79831205770
79137012033
79505572488
79141879801
79272195005
79025067805
79140782742
79517643735
79143297311
79538173210
79229008030
79034611552
79247847513
79067828051
79253213801
79654096787
79265828894
79043214566
79671606765
79605592905
79600130025
79583918773
79155340390
79614490011
79518556602
79140357179
79650609642
79096237002
79236156862
79130403016
79185933822
79228511647
79207665738
79168826662
79513737324
79384784447
79202335063
79086823141
79964151737
79314112599
79197678351
79299240241
79508610424
79234235470
79093505682
79170681516
79119732922
79277326834
79842956613
79080236330
79652490536
79149654492
79960174387
79109176959
79226577629
79787065948
79833842931
79113986478
79119373439
79645828475
79520685531
79164419273
79151838386
79834052666
79657285183
79235765384
79831493481
79123231820
79081676842
79635056927
79083435430
79656120648
79260240260
79630949316
79040465884
79021619883
79787075472
79125625571
79626642729
79171444748
79524827665
79530586562
79872903772
79503391677
79108716996
79207432161
79604950751
79814483828
79144723181
79500218855
79377316338
79642481895
79148845675
79523032480
79202158726
79193297871
79652172343
79178384773
79606442864
79233929293
79818102931
79221321443
79146229493
79174551599
79242059630
79643724052
79174250887
79823173773
79500280791
79049654262
79526057378
79035752737
79126252717
79171206320
79104886856
79082799666
79161738347
79874992673
79034740834
79114137717
79040356999
79180637066
79182211061
79062828829
79507423332
79286771153
79822512556
79501112802
79244747491
79520545382
79991577947
79236406268
79125654886
79655563000
79644752260
79870394917
79119353709
79131665505
79176773552
79118200970
79273701671
79151517578
79219466206
79185632125
79833839559
79105663542
79049669796
79083127757
79600599491
79279015088
79270242538
79134587269
79875571282
79143825854
79618217540
79234057223
79500089886
79260786828
79049329802
79084900709
79105230567
79168007730
79208854729
79207535313
79525254859
79941026310
79126203859
79507266323
79293071021
79526057169
79044511133
79119999380
79221512948
79058359707
79120407652
79137609677
79531329912
79521958816
79149009765
79518401237
79020123257
79654032118
79031435444
79525903606
79990380201
79170919660
79787390057
79671006521
79272022537
79057468566
79537325263
79538182390
79780205310
79650260694
79214948201
79609403842
79265627736
79140246799
79787324241
79832001365
79266042347
79184191618
79298485964
79003889277
79878283654
79852213887
79141784375
79889836388
79788451179
79379813830
79516690140
79089248216
79097052796
79016905505
79523409246
79217711444
79089794291
79118421954
79522509336
79183300279
79999287022
79228231200
79132342264
79198043815
79166529817
79818601752
79084418246
79647720443
79650866205
79504267150
79204047979
79216364886
79673606482
79652892229
79245257777
79246814750
79879758135
79271350886
79212465649
79520321032
79062221235
79297183296
79022446325
79646173690
79377953316
79143420444
79510201068
79165195510
79269751393
79626918876
79147029764
79089593565
79212280881
79882865465
79227691499
79506478307
79603619900
79994431223
79271053934
79897224125
79833804480
79284240584
79233933310
79121290621
79115454073
79102972582
79131456126
79645459490
79833176689
79122353034
79144636011
79304098494
79638070555
79041728204
79222026705
79518100221
79869272481
79047630390
79163106051
79218555583
79607909924
79500545373
79226446056
79130229434
79643114078
79825070496
79821309899
79644646416
79235028758
79961286443
79236650122
79961337414
79243384866
79515747513
79145963196
79778378364
79064935052
79147321670
79027609502
79294330044
79033730881
79118959499
79081786196
79297343569
79852951430
79831417584
79787877759
79144201496
79211107536
79180867592
79226688724
79370609633
79108230423
79777950899
79832763033
79002835256
79123506341
79029483823
79823400361
79064355357
79244777314
79103437245
79220306322
79053880900
79105992736
79220627236
79872598358
79507558197
79215779303
79177111324
79101753391
79165254198
79048557212
79085511032
79063542117
79136113939
79251995602
79371854047
79219922818
79003959132
79162551134
79127681725
79277654550
79635414291
79181127787
79129280394
79281276733
79324839341
79655048528
79160597588
79515489025
79127616905
79871423121
79053975464
79123852469
79013315910
79534288082
79885725276
79663198206
79535248269
79207714077
79510045221
79195988265
79134555666
79193020019
79512956394
79514248352
79992092603
79832941860
79217590115
79377907876
79656612793
79526028574
79969791033
79246345591
79141002850
79964290794
79080115758
79600236953
79132299739
79527493515
79539834410
79051601132
79634917081
79628770173
79778086917
79527444971
79115781257
79224759590
79278402321
79177111771
79261030903
79507203346
79266366099
79998002234
79119940695
79876772110
79393329058
79514735446
79115986357
79091432526
79857625336
79128513247
79831138063
79523683246
79194520819
79109365737
79911127622
79261521214
79185396728
79029604511
79119876425
79175969542
79039917095
79132988920
79115197500
79258595269
79224513101
79089510739
79050224575
79199537740
79049688222
79535350009
79021368809
79156591488
79529926373
79634596384
79930169078
79281210184
79244690317
79648001962
79089000949
79513769387
79605035201
79229663405
79168533500
79991007498
79210790191
79655080166
79385204000
79277214535
79111324248
79080437195
79283531670
79381623549
79774408856
79842795607
79773523093
79535949211
79652667716
79231210653
79129281691
79163156513
79822042542
79502773809
79091886665
79992235798
79612863615
79089052257
79960670716
79374117845
79127577478
79835774051
79539181848
79146000053
79002502295
79525191918
79518564814
79092233840
79029641102
79513239600
79247336582
79182233139
79032691940
79781334255
79371578547
79200431817
79123667257
79197032148
79139218490
79016635891
79173413201
79139109084
79517749976
79677628241
79036592440
79106184593
79321291187
79132160164
79995501500
79969209534
79536536016
79619732377
79532863401
79654188747
79856429330
79218779864
79319620592
79209244254
79093278882
79058971001
79832440347
79506439121
79031666022
79152310350
79089417457
79185571150
79139087292
79138522240
79215862394
79117732013
79128895315
79515488231
79135097698
79185634213
79292955755
79138119828
79172299914
79922971577
79065864392
79111193326
79524540224
79833135110
79129943875
79117186889
79615241270
79528722017
79788308289
79101471508
79125122703
79211234984
79991209281
79039092304
79032130160
79310016740
79123021359
79625731430
79081501142
79021908203
79508061706
79035933417
79653276596
79154479577
79684877877
79504227728
79027600274
79990592160
79147876242
79067646489
79223603640
79122890276
79874165951
79511500664
79834251724
79132152445
79246798886
79531919869
79378869890
79129781437
79518814464
79276705670
79282167423
79231946752
79609486750
79139791966
79889450754
79223573637
79142971506
79270137000
79529933805
79283768922
79125135161
79064072459
79776175219
79621607138
79012741503
79996279700
79296578510
79156794489
79098043821
79046562228
79186121110
79602317961
79787936871
79841723505
79195754474
79842702120
79009491860
79632452803
79606760070
79002372163
79040556766
79149617558
79065801828
79674527007
79500100432
79811507553
79005475855
79261029827
79509047107
79167787109
79033332218
79089175825
79005276881
79234458527
79102491029
79655120953
79996549225
79195571525
79024478363
79204171715
79025413763
79968927537
79227777022
79271040357
79615309790
79169687134
79117320119
79241781790
79048448472
79644039005
79617955532
79674922499
79506512039
79529534302
79271044836
79996569556
79535854475
79533619528
79111932163
79817132234
79279990989
79062593518
79185913991
79532891409
79097748218
79159723548
79161830152
79516466916
79215786441
79518096682
79209216820
79502875987
79175318853
79081655377
79123625748
79095459799
79218495901
79312046694
79526119195
79782143374
79245077182
79821018613
79043008479
79312370470
79622736014
79135060422
79878549331
79011747634
79962316382
79648436997
79684800272
79242539545
79920269721
79242253111
79272133744
79017974723
79046910865
79031483540
79234323813
79776533285
79052986355
79663177818
79142087326
79869223632
79814208494
79651518743
79261801316
79133003045
79277023303
79086056744
79092362597
79144191344
79176596356
79025537881
79516081571
79961888681
79271122949
79261465272
79508532076
79202978407
79000616500
79954293707
79607411890
79176149950
79224406016
79994505282
79026209395
79652247423
79818457331
79133977177
79827641400
79223761161
79632056829
79537838938
79887511461
79054397494
79171260773
79112587869
79080495231
79253804663
79123190429
79372425229
79519041227
79273983630
79048102736
79522981743
79788320900
79254827234
79635382309
79243828547
79825497842
79149716554
79611473295
79995832014
79138321948
79187749179
79101489243
79245753674
79851049979
79292171763
79156369091
79270506036
79081182867
79126562201
79135911571
79064228685
79641155433
79090989613
79137811647
79001218713
79537077427
79236591113
79262339712
79182496544
79115111002
79253149919
79082145450
79963362080
79511167789
79787332331
79085851228
79000918921
79964312870
79609466496
79124341104
79097078297
79787672798
79600660121
79779923693
79507438476
79504363405
79041444030
79040106711
79670633802
79284840274
79178386622
79874718389
79824970014
79061464285
79108548765
79506283900
79532388345
79512033433
79818320355
79034782998
79264414206
79166405259
79175807365
79064729099
79130055521
79104249030
79215564545
79043263367
79063309169
79245673804
79612083235
79218943654
79048694801
79782095227
79082462727
79141978138
79186502421
79653343667
79109733667
79126636872
79967991508
79608867360
79320163643
79286202236
79527537596
79224183633
79140517479
79224702583
79605155792
79127780020
79219065933
79996399046
79197263416
79128343657
79657749544
79514787857
79622986518
79635444380
79274092740
79112668233
79521237538
79242373085
79097398522
79778306878
79214929724
79276252742
79217141114
79098496120
79673672444
79115175253
79515734379
79681060035
79284065212
79534210106
79082415879
79037624872
79511184430
79326115699
79501382005
79878321200
79189833237
79174078884
79500642678
79215652345
79200210905
79510291370
79603901421
79134988761
79689213134
79875058185
79140529381
79521153609
79194314681
79158631827
79235233301
79950966914
79056631890
79142110951
79219127703
79246626349
79502648615
79897020592
79226370308
79536650747
79514870999
79372139977
79145776575
79013826069
79110233814
79997864812
79872335895
79523212434
79851437939
79033278780
79278248216
79184141865
79519114479
79371295055
79506649481
79885401043
79522603833
79202077915
79501000287
79678557447
79001351671
79821106775
79813048672
79506003408
79649984492
79872992774
79995859506
79150333069
79851447600
79011767370
79215575307
79232214269
79151090937
79159975048
79963819909
79994562505
79225433371
79107290085
79152364165
79520324831
79123517192
79041526930
79998694549
79089458489
79135433487
79537791494
79630074444
79080681323
79641281287
79150424720
79806599603
79237519314
79515265433
79143955737
79101052365
79263943098
79612140003
79061188878
79241801172
79134993648
79085119332
79109133636
79373407535
79965032360
79087074039
79995663771
79287040040
79123660315
79660755534
79114029454
79217770800
79690514937
79511802695
79086642235
79005492703
79236123392
79143519273
79009326464
79021735010
79067254701
79647740844
79294067416
79871137978
79101819961
79276012829
79264646210
79530868595
79183231221
79831129362
79516603497
79241233384
79031274434
79501974822
79198176179
79527893866
79062216927
79099334500
79537815352
79221942948
79234025858
79181840696
79245127494
79124311720
79195362768
79066416446
79886194808
79510381977
79526490016
79379684570
79221859007
79635781248
79850667221
79923136008
79038843452
79920048516
79613255000
79529956708
79195890179
79012309239
79003933003
79508968148
79112196850
79189706926
79872382835
79992119530
79091951406
79040715074
79165466035
79140656222
79539310026
79539528694
79241311810
79649083130
79056422516
79500626342
79992005786
79199337808
79855831364
79506460989
79258815676
79192515218
79534436471
79028764615
79652795596
79508950877
79952091472
79831462100
79207317488
79206145153
79617719196
79521705350
79106338605
79065314262
79145413184
79529069262
79106569754
79158689451
79058567235
79149733104
79144590812
79652655191
79228836974
79242816792
79518183268
79103623582
79220687132
79883932442
79825181846
79120373648
79193470899
79190098328
79293076284
79626605266
79097167174
79128009845
79142203632
79068204898
79141985287
79217072482
79195680115
79836960370
79026255886
79688584575
79234723512
79537702052
79140988156
79174593295
79247511354
79154658065
79775681845
79787453971
79826885158
79604001109
79635421200
79600456768
79518517194
79033284001
79122468118
79263293367
79132208070
79154306368
79021775292
79227160916
79206449990
79854291648
79019908140
79219256308
79193376310
79138468625
79061859895
79658522326
79515739380
79136108768
79203404199
79872408925
79671493033
79192580626
79098088065
79581719288
79883404468
79147751145
79515784743
79230386392
79537410226
79231466700
79106617240
79831137860
79172435319
79162905778
79373617412
79170443045
79208117908
79276081573
79069175217
79110877066
79163903304
79242135375
79538231229
79500701592
79113321359
79622157855
79522306154
79333234939
79880831393
79241922711
79924218782
79826203110
79215740407
79627834649
79063373606
79654174544
79134916007
79233007615
79124107739
79221448783
79533437258
79146338320
79142223333
79054584746
79174655737
79782117790
79536156685
79147764439
79004554542
79204825690
79036351817
79538982283
79292929149
79969203991
79231903368
79228898538
79227309790
79051213112
79033003444
79619789784
79005812028
79991756113
79831015954
79821589502
79504431809
79089782595
79062770070
79103710317
79089242934
79242820734
79192870087
79516280485
79290726267
79779858662
79510749135
79069315500
79136533464
79055025105
79189917976
79189991890
79189196163
79507213331
79204224898
79200197307
79144909787
79003365714
79219622550
79224559997
79090828880
79170590560
79502370758
79299392060
79532579650
79127456590
79200147588
79138243632
79206249957
79211578211
79211364301
79048453265
79056717541
79065210022
79219661055
79183962123
79372651817
79277934673
79226049101
79093326161
79247941071
79662911150
79243257014
79219427169
79083050638
79113455177
79536622534
79106451950
79538691063
79129670683
79617717901
79128784323
79219415244
79617949262
79274032333
79212902120
79101098046
79108444304
79629655567
79221068282
79194280815
79409277736
79213755974
79627429009
79025445812
79618040163
79246255460
79514448469
79183464734
79025623120
79146371275
79870617214
79772705901
79135008338
79879381134
79920242304
79149426903
79610519004
79617273294
79604367397
79109006967
79140958096
79211832985
79030003081
79118776465
79515525198
79871064018
79017652359
79127702009
79522212890
79379699396
79042418035
79021794437
79214714271
79059603251
79608802622
79260699636
79129227658
79047162121
79028610478
79179753936
79211985640
79652922658
79503064497
79818614611
79102177767
79501037234
79600797631
79967228363
79080504116
79991232247
79160660352
79023255746
79268524177
79780023556
79511854339
79028398888
79522567254
79853323906
79852924694
79143640548
79996304611
79268443996
79089630858
79049845476
79815510769
79219260101
79370750616
79184162880
79278317416
79511720393
79151804925
79524407285
79042693255
79140692678
79213971993
79873870776
79119405070
79198987504
79144685096
79673081789
79221093577
79200712503
79776179509
79304033538
79159951878
79259144302
79090207501
79383585965
79212736678
79995681135
79155857684
79272625557
79504985259
79673008714
79146763560
79880627857
79134793611
79165990577
79110213308
79639652901
79116186574
79112329881
79333119800
79279252928
79508932980
79275256982
79188622268
79248422285
79161461018
79135751644
79513477046
79250478877
79963828472
79186912051
79501652651
79536233833
79153372286
79026103765
79245967350
79204420200
79216354299
79180424082
79141675731
79144728866
79194711081
79046625466
79605487038
79788936317
79080438806
79622874353
79049796960
79635284817
79536823317
79281547417
79645302449
79610625465
79061137514
79181882388
79112458294
79506858098
79081151702
79618485514
79286206866
79135907474
79920188044
79522610036
79089043822
79673057978
79535920539
79883108699
79841840104
79660060650
79088924071
79651957606
79649100376
79147173018
79527052052
79048621915
79091015979
79190660349
79312632805
79110933608
79044810148
79994668622
79612167666
79533813812
79635772287
79536730761
79111516133
79145659049
79137093288
79522111220
79510615576
79623394283
79262133759
79284636030
79898009708
79781078528
79193761079
79629246350
79189651427
79640130353
79507151657
79176794917
79535309794
79082483194
79967758737
79326227555
79182524641
79184128832
79527996868
79021739133
79261677856
79041509956
79095595455
79966371491
79109370032
79372118680
79814687411
79533601882
79040305528
79648613487
79241800791
79526306659
79622259608
79684088229
79629553209
79067287138
79510006783
79108994729
79184319584
79032465685
79301207401
79027685906
79211926612
79232346465
79133200168
79512699535
79000626407
79135011656
79095690277
79618460661
79510212259
79012864600
79991310961
79005199485
79231295058
79182192101
79197676482
79641198758
79619398914
79821875939
79806347105
79920147279
79102150888
79633400988
79940094011
79018713132
79539137290
79048305644
79200510395
79616629923
79227244655
79871399334
79135108808
79268787387
79196873791
79869263071
79183843011
79529068664
79067313096
79178128345
79145296390
79161254119
79504377497
79615072471
79506531687
79234024162
79271430794
79526211463
79503955338
79045515236
79286117225
79787102083
79029349754
79992006237
79062558207
79215942944
79638921993
79044083979
79160399329
79184667722
79503159783
79242131290
79622619464
79874140711
79969203031
79061325952
79513296574
79950121839
79524943750
79244161184
79644414520
79773097723
79781413313
79264079171
79219450730
79530410184
79081108829
79043894072
79242332970
79214904620
79084935394
79628691877
79041873492
79533196988
79997940125
79182455586
79965142431
79163351117
79113883786
79270010694
79116654797
79520876490
79528708742
79372337009
79632001310
79004565565
79134197647
79995633103
79617868302
79146230315
79138944324
79005147419
79049645055
79032777877
79998355805
79661148469
79098708231
79232195553
79062265507
79208598151
79204949490
79167305989
79066765692
79516020734
79853866067
79203508204
79618534771
79824689134
79833466422
79085895245
79997245518
79140835447
79522503684
79878516909
79129721288
79141794544
79851421431
79117907353
79874228733
79779297466
79036014445
79044864950
79964242859
79212149642
79042204823
79200602783
79829409200
79222061808
79821689895
79996938753
79323281738
79211245621
79507345243
79610724454
79141948765
79162927517
79106984449
79210364471
79233245280
79025611073
79266036050
79779476592
79026598019
79194164700
79240097429
79506028552
79121243904
79025640992
79529202307
79384004050
79642776977
79642474874
79156089193
79214826273
79870224837
79297958555
79158796263
79135011370
79180157170
79297794663
79516683685
79221340157
79785647264
79206457255
79648459325
79059060730
79529599124
79507745243
79879138447
79806261966
79284131093
79995359375
79831051312
79851930657
79535256986
79147079551
79648350700
79519052561
79787856961
79528826120
79963274713
79193455015
79062695212
79095864790
79261177807
79059371703
79164513199
79806704214
79273010330
79777316292
79829300681
79218520801
79137190303
79126517435
79236628700
79514633810
79883648817
79213774245
79140895674
79159535400
79089065405
79034859753
79506345130
79286035152
79125782700
79139004038
79313734264
79826946334
79519594139
79620742334
79878901560
79876362824
79141426772
79054383281
79513787334
79037641147
79630292892
79229523664
79098281735
79870566937
79153893873
79510040903
79628172423
79514637751
79129078200
79532102737
79507567472
79852945788
79199397787
79001078455
79772525083
79213644402
79142018510
79295861397
79601299358
79268071759
79224854416
79128932119
79912454303
79819873642
79656765780
79132624441
79097263777
79282559104
79886828228
79093245050
79605178829
79243460827
79885190994
79535141682
79104767803
79276719021
79522305630
79119016284
79021742198
79098515067
79891200770
79145643301
79527649351
79190418354
79829714427
79035693754
79963283826
79121041619
79042191115
79148958578
79963834432
79108478199
79187401343
79689288695
79124504597
79155681338
79131659466
79376118708
79117060604
79182246200
79779858045
79214614755
79143122369
79122448049
79276640140
79243384543
79147461402
79038167070
79190520458
79243869777
79085907644
79777220480
79225465446
79997351290
79954193967
79241078261
79242826816
79856000017
79873466400
79537920277
79263304212
79210894902
79510861545
79378205811
79101406702
79177888981
79381124161
79829053903
79887620055
79169275692
79617806390
79109477490
79816832674
79195802604
79255157823
79672821504
79603560810
79042811969
79602573322
79102233107
79129944680
79280408895
79029583595
79028454788
79265530703
79191490177
79518513044
79218605403
79526581262
79040810929
79323359920
79044409543
79205430516
79108756305
79049471647
79374815929
79963258424
79505950770
79226585757
79506218056
79254831008
79060670676
79241870002
79817980813
79818647971
79208888140
79021791654
79874914723
79192812674
79505792945
79090224580
79616716664
79835492936
79043820717
79292370703
79507447971
79372755805
79031060511
79206382772
79149147179
79658243324
79252234118
79880648435
79384859394
79525559160
79252700427
79124057598
79135301595
79615616407
79202669062
79888224833
79308169112
79106454490
79282593635
79241418664
79778858926
79393946907
79538068880
79053123991
79299172325
79035043930
79157045982
79041215752
79520762916
79214214921
79228027915
79171386051
79149762549
79996138578
79373476528
79194635087
79772841241
79274320011
79536208813
79107602965
79878632173
79096064491
79873485787
79515647738
79600004227
79173251595
79172833272
79776753649
79964297423
79818189094
79772723765
79172623201
79818535777
79625902445
79085575511
79805427428
79160314677
79206528008
79994518289
79206735822
79127606402
79039488467
79103223636
79512607661
79537002672
79871290009
79242614339
79187676203
79176746758
79282937607
79144650002
79999173548
79271944843
79091963414
79179850415
79257354053
79228451051
79039377152
79123088378
79189087341
79625537537
79834055423
79227745286
79226279604
79289666128
79817948895
79141517212
79538748742
79301140005
79124988056
79649956652
79835987612
79994515974
79089255307
79776445101
79133910034
79025803191
79059244607
79219744308
79504253405
79130094239
79281189998
79213255265
79852371787
79039300800
79964324607
79517203937
79218771110
79296258761
79535690108
79963361809
79117304343
79276005057
79688548658
79236617317
79272058910
79224209795
79780040327
79009254424
79160264370
79141015741
79230172300
79205309727
79635285968
79166091143
79118964278
79241955901
79203902156
79142366409
79094222884
79991800467
79142128519
79536814768
79777503722
79604710925
79039719871
79069893564
79134508796
79622654452
79087023764
79276297459
79277887723
79242081940
79206818760
79098176707
79817404416
79616738238
79315776266
79145055542
79278981133
79601772705
79537641840
79182399571
79680376384
79185259263
79194313925
79183283634
79514618535
79825508800
79312152085
79031468519
79033989300
79057499709
79821158000
79196514898
79184398869
79154182928
79028781813
79109774507
79144289861
79282962848
79181915047
79850715038
79508380483
79527443044
79316048865
79372104685
79159856907
79041156461
79811659709
79507990508
79262733911
79995120518
79052557056
79961878654
79237141186
79085842046
79047656490
79536054540
79144816735
79113680555
79169175355
79211696575
79107192050
79613377447
79143759488
79871990519
79066920240
79277686943
79643437447
79518578018
79198669069
79057779899
79608978472
79500125756
79841919379
79041293186
79094633790
79242815196
79937777478
79202809188
79040574584
79043063693
79610642174
79145179046
79135033240
79174996915
79536073105
79006715040
79098727391
79214018973
79507878644
79874146522
79533364297
79526706343
79234070913
79086559871
79381145753
79012109048
79533727627
79129218808
79126171111
79094388838
79046248893
79515891306
79207110640
79867005609
79605502439
79779144679
79879849397
79217715139
79129466863
79196794564
79648458068
79655072036
79236178660
79162910906
79278995054
79825629322
79025606356
79278170525
79136727196
79622992403
79045486024
79224819151
79875712440
79962470546
79068135477
79173353232
79876649864
79222804990
79536216617
79144634003
79638758886
79024507315
79210114961
79151681785
79161026206
79502522710
79126979524
79509831691
79167607751
79243003236
79805391271
79965806738
79204645086
79788602125
79307470337
79506235949
79122883071
79509136655
79204205021
79011951855
79119830912
79660362955
79507536466
79201783046
79500601670
79117345536
79834635238
79534923176
79518754999
79028912666
79179175326
79852313781
79172070773
79672687912
79037994171
79111488438
79156157969
79056338920
79375505104
79333302615
79119328381
79119928416
79228848470
79025155515
79049890108
79156862008
79130407192
79000200352
79787403823
79530685527
79244307295
79372033782
79091813481
79221949379
79153591001
79056220469
79308062296
79874995075
79135717708
79772895977
79643992001
79110292761
79109322444
79027506262
79021490413
79152369390
79261674080
79995827369
79215818831
79243979681
79232362547
79524267444
79940142311
79625354501
79141629555
79961236249
79224856370
79535439344
79118129939
79188503850
79687315476
79080677563
79234285191
79515623781
79537310344
79501268359
79969593509
79272142852
79048224978
79835365858
79152432479
79185395626
79220999053
79061448119
79012864118
79136022617
79779897697
79217992516
79087169797
79827909418
79535504424
79529987557
79787235953
79523643444
79615157067
79527777727
79307036080
79159861388
79029608184
79118550593
79141907674
79046721237
79199279530
79211256082
79272730696
79509634575
79254997232
79501805448
79022130258
79166343229
79131138360
79159866759
79506030302
79206393035
79600390797
79527173670
79307551999
79301191912
79028211502
79025058920
79139992842
79616592573
79266780006
79206621705
79094221792
79312882143
79195712172
79134035568
79139223210
79061738632
79524556168
79149457738
79995894237
79021214176
79372390394
79964499683
79104815214
79528780488
79217806647
79204099719
79372576014
79658404060
79145413320
79265551035
79199877718
79608620320
79144607204
79110913940
79874243113
79671599959
79145905835
79116700812
79263041600
79233063891
79101101096
79128759340
79036476057
79213802474
79083165603
79229666379
79161477588
79620821550
79531607415
79210323935
79166469787
79224208838
79150098547
79109767077
79204986064
79279708775
79147222897
79146865007
79654148200
79639045113
79186487606
79275052070
79185090503
79267476295
79167664344
79112706597
79615225666
79009809775
79146567162
79237199800
79264395177
79605534484
79956008617
79026108477
79093680082
79243086111
79000202570
79888990605
79108089042
79127960111
79869886016
79645927723
79054223577
79516861448
79221942436
79149306982
79213014706
79261093407
79032127869
79660131483
79384888240
79062382036
79086733290
79082722349
79175060754
79667896409
79626974657
79084897539
79923302891
79141266471
79148841085
79610945295
79628130188
79298456372
79245314169
79207750383
79216131979
79299291989
79175431544
79145544526
79087965983
79175552351
79196962104
79252200772
79518068430
79324188099
79880981983
79787161079
79651335725
79516218511
79521241334
79507826899
79237936279
79191312251
79333385770
79123706179
79583965657
79297147215
79089512875
79991752387
79643312026
79992139094
79081334639
79619357350
79020966171
79245350998
79963155690
79817263820
79028094735
79535027224
79292836249
79196920373
79062884430
79091315304
79135391881
79129299590
79223512070
79059480412
79175674607
79831771913
79531900176
79788514707
79139003656
79129025895
79247604741
79272004151
79531880390
79522424326
79096080771
79099025830
79064337432
79089918844
79104469274
79817097724
79507673595
79034426052
79088966925
79381563009
79126756301
79519624106
79997872517
79116505420
79963323748
79203594175
79878759773
79155191547
79166315436
79529861239
79247300641
79788873435
79110463735
79235311246
79969491705
79114536062
79270197806
79197418825
79123535464
79275277151
79033449444
79603013834
79118674939
79169634110
79043350902
79122151103
79308083106
79163526396
79198191007
79021362052
79814221667
79878608454
79199173256
79198951615
79025859796
79608884476
79085484166
79101425791
79622851867
79033412134
79038201399
79135940371
79885772683
79131004112
79961705179
79118604749
79826977948
79623002848
79000825232
79186063209
79529397656
79529659221
79052284639
79041660581
79522112441
79218455468
79241681472
79518417030
79049724242
79501288457
79049715762
79151991908
79507063226
79204209227
79051988493
79243394774
79998790764
79841766135
79099319154
79020900694
79138671607
79788403185
79898176353
79991091237
79137761292
79520963664
79121025060
79503120295
79500519940
79109146145
79277420955
79195621284
79183688131
79613866829
79089603340
79184993060
79165807003
79913310356
79535710658
79639993898
79245938118
79281046406
79992329445
79991586151
79222501106
79819724920
79787199383
79146755413
79228747555
79241489863
79056462638
79807131249
79040117064
79537948266
79040004353
79227833933
79333345590
79030118095
79171237079
79629196444
79177221589
79054396014
79209775810
79128516812
79680140246
79149796586
79173950440
79644738314
79090111073
79243765778
79242847519
79871898869
79509100964
79198051050
79142096971
79288520727
79053084665
79883396768
79833769622
79183883487
79176930509
79529938763
79275136666
79619607155
79269142672
79264088092
79503001440
79632552037
79046396228
79878701333
79026873772
79515307785
79034785420
79094500572
79660352195
79520150684
79922007610
79517143522
79536907430
79315902848
79127398162
79647207482
79149110007
79059913211
79118701634
79210959562
79616916689
79128515223
79095189317
79600081888
79043872575
79102357687
79248920950
79614185885
79872099410
79218798886
79278461815
79326009937
79163737420
79129461844
79507686234
79046621099
79194944509
79025042375
79069248324
79142613631
79526749705
79312561503
79185232705
79261387805
79831184402
79831880030
79883521485
79513050586
79294902121
79530690973
79051441506
79996049635
79021603669
79165700055
79029201631
79787817583
79604799978
79142406283
79504221524
79137423449
79158313430
79221730865
79642950132
79885651233
79650551111
79601395539
79217480876
79500616426
79060571760
79115061156
79878474454
79144681673
79996102919
79057663141
79114478559
79242043325
79326153215
79044067725
79176523116
79379751532
79095738719
79183188247
79224291711
79312979956
79500101782
79272611206
79167979388
79889763907
79022567641
79021002097
79532887337
79127761987
79634933305
79148396678
79237783314
79649475158
79528050260
79197071710
79995690044
79660406119
79190139708
79036062670
79142720170
79169068877
79206341534
79265764820
79788152871
79854184541
79128124401
79193584685
79384164864
79117372512
79277383188
79913669511
79276935878
79603690606
79191652919
79125433774
79262846214
79005915016
79137427680
79537506805
79087991667
79218835246
79194556670
79022544644
79624573280
79220555323
79990875232
79038082558
79212982348
79205331256
79135278695
79200094470
79082791116
79771640905
79774467185
79048341410
79824521437
79197642177
79503353356
79049882910
79271230224
79787015640
79167798579
79067883609
79094475171
79235161768
79160623399
79826438846
79117359696
79045770591
79150681266
79021229501
79133241454
79994635776
79787795906
79777242286
79638998005
79222166616
79144558847
79645628944
79142773409
79607110992
79511266181
79048886020
79110599444
79507203870
79534860163
79062200420
79526134830
79174558642
79058623444
79083161155
79035522906
79836034535
79832518681
79377192040
79313440007
79650995539
79035733213
79118528235
79047657159
79133935401
79123195505
79876930061
79088839787
79131704201
79213639039
79774254302
79146478215
79636511793
79029024711
79517699841
79829663406
79183220555
79133382643
79630038262
79205603541
79061435198
79109059902
79130164506
79827704450
79775092735
79143940243
79262812729
79163694808
79511361292
79877844032
79521331044
79654682203
79514818756
79147580166
79525431378
79242488840
79087078706
79081190858
79630585468
79187631841
79841840170
79158019738
79140716164
79220320578
79231297770
79133896668
79204030805
79149327977
79324401803
79787793745
79776062965
79834273751
79107755691
79044312205
79206058487
79629027097
79106014044
79606592457
79325589089
79516221969
79023058426
79140745033
79213673697
79045397912
79042140236
79035777604
79222923731
79128565761
79608946061
79113442938
79780545487
79057599243
79130050081
79642384069
79507548645
79038979256
79054017429
79964306618
79870968908
79085753907
79528021538
79247847993
79539023657
79534341070
79111576000
79059734426
79148991899
79244766417
79530028038
79537558553
79539317093
79511300870
79053301745
79103087426
79624200271
79529772107
79994595514
79500399775
79158486512
79133012923
79509065588
79513270580
79659198519
79817742261
79149693303
79301808888
79090002469
79242518353
79146956858
79184951155
79503381214
79129254444
79111331280
79031156135
79212918975
79081109342
79512695484
79218745538
79272037507
79135682103
79100891282
79128412242
79842747208
79857249505
79258446802
79204031836
79374053855
79197037397
79057925693
79518576259
79144482746
79027218678
79255264808
79148467877
79213309537
79786665485
79122639951
79875965328
79139426916
79128431841
79500478029
79267674850
79048250891
79031165676
79135740250
79210669010
79173043067
79300885599
79281799301
79156645436
79628061111
79224048261
79190334066
79878117392
79656411287
79063324367
79629920633
79656480284
79224732177
79010104839
79089014605
79105371609
79581766364
79616707235
79899853211
79610179317
79143098999
79044782107
79195653600
79134620585
79006659592
79046037352
79085777732
79284196922
79191456669
79631522647
79043759400
79874562414
79205873225
79871587673
79181425400
79058738091
79111282428
79990405445
79031849569
79780018946
79377775587
79216302036
79196170294
79203565370
79165375375
79055794874
79124141607
79025621874
79137052190
79520714899
79115222051
79882854266
79112909337
79117813023
79193246964
79872324948
79275562658
79098581450
79670153197
79788210395
79226630767
79175521295
79115437256
79608145408
79048462001
79095168363
79018668020
79134912684
79284731419
79788351424
79638784681
79154550255
79530474969
79129043919
79052206291
79112787777
79031116225
79609409030
79647669254
79667033814
79787402585
79509190668
79243161931
79785446306
79506868706
79082331271
